noOPTF bonus1000 2D 1.00000 0.12000 1001 387.13000 377.78821 352.10560 9.04719 6.79815 36.61675 1263607 1263606 2856.88830 2848.83621 2537.41894 795401 -1 199388 4 
noOPTF bubbles4 2D 1.00000 0.05714 185 805.56000 805.56000 678.65453 15.75370 100.00000 54.02382 4917364 4917363 14400.02491 14389.30629 13826.36028 0 -1 1237773 4 
noOPTF bubbles5 2D 1.00000 0.05405 251 1061.64000 1061.64000 824.87167 22.30213 100.00000 59.78819 2324557 2324556 6218.98148 6211.90259 5606.06261 0 -1 995598 4 
noOPTF d493rdmRad 2D 1.00000 0.13442 493 134.74000 134.22636 128.66204 4.51088 4.14548 35.08983 5177422 5177421 14400.09204 14390.82879 14037.18600 1824198 -1 392762 4 
noOPTF lin318rdmRad 2D 1.00000 0.10242 318 2055.77000 2055.77000 1836.38944 10.67145 100.00000 48.67912 2668825 2668824 4760.05979 4751.46149 4334.94204 0 -1 703562 4 
noOPTF pcb442rdmRad 2D 1.00000 0.09393 442 220.44000 220.44000 171.78186 22.07319 100.00000 55.09994 1044899 1044898 2053.44115 2049.05215 1710.01185 0 -1 492355 4 
noOPTF rd400rdmRad 2D 1.00000 0.00990 400 1252.22000 1252.22000 536.53698 57.15314 100.00000 75.77618 1150802 1150801 7118.37126 7113.56071 4396.09743 0 -1 893099 4 
noOPTF team2_200rdmRad 2D 1.00000 0.05176 201 616.82000 616.82000 496.22438 19.55119 100.00000 62.12427 3468129 3468128 8849.39190 8838.79280 8095.80915 0 -1 1267284 4 
noOPTF pcb442 2D 0.50000 0.10000 442 146.03000 144.06876 136.23318 6.70877 5.43877 30.07141 1837180 1837179 3544.56438 3538.85971 3260.72547 214282 -1 445293 4 
noOPTF rd400 2D 0.50000 0.09980 400 460.21000 450.57384 430.93203 6.36187 4.35929 39.59686 4599797 4599796 11683.10631 11668.97389 11125.33172 4427016 -1 561419 4 
