noOPTF d493 3D 0.10000 0.00501 493 1353.13721 1353.13721 439.08540 67.55056 100.00000 74.87015 1177294 1177293 14401.37500 6235.12500 3188.98438 0 -1 902556 4 
noOPTF d493 3D 0.50000 0.02507 493 665.05552 665.05552 415.86583 37.46900 100.00000 50.39053 873970 873969 14400.06250 1241.48438 829.73438 0 -1 568853 4 
noOPTF dsj1000 3D 0.10000 0.02215 1000 3147.86523 3147.86523 589.41098 81.27585 100.00000 89.34030 516457 516456 9713.29688 4431.14062 1354.17188 0 -1 460953 4 
noOPTF dsj1000 3D 0.50000 0.11074 1000 1021.25155 1021.25155 552.22396 45.92674 100.00000 70.38386 256975 256974 3815.59375 573.34375 381.37500 0 -1 204303 4 
noOPTF kroD100 3D 0.10000 0.01976 100 202.02117 202.02117 143.10181 29.16494 100.00000 56.09841 1067114 1067113 14400.32812 1118.90625 1015.29688 0 -1 457850 4 
noOPTF lin318 3D 0.10000 0.02039 318 3044.26999 3044.26999 1912.36100 37.18162 100.00000 62.92741 1180010 1180009 14400.34375 1989.45312 1488.48438 0 -1 673976 4 
noOPTF pcb442 3D 0.10000 0.02000 442 404.48979 404.48979 176.24987 56.42662 100.00000 72.74045 1265470 1265469 13612.45312 4613.71875 2850.04688 0 -1 955347 4 
noOPTF pcb442 3D 0.50000 0.10000 442 154.80989 143.99404 137.33095 11.29058 4.62733 29.96716 652033 652032 14400.04688 391.85938 324.31250 378946 -1 167109 4 
noOPTF rat195 3D 0.10000 0.01959 195 291.25837 291.25837 117.92923 59.51044 100.00000 75.77872 1254189 1254188 14400.64062 2423.56250 1764.21875 0 -1 948587 4 
noOPTF rat195 3D 0.50000 0.09797 195 112.40474 99.46415 87.09185 22.51942 12.43896 36.77225 966074 966073 14400.07812 915.32812 846.04688 805116 -1 190802 4 
noOPTF rd400 3D 0.10000 0.01991 400 3218.19754 3218.19754 705.42151 78.08023 100.00000 88.58020 1218411 1218410 14400.03125 6001.07812 3221.82812 0 -1 1036443 4 
noOPTF rd400 3D 0.50000 0.09957 400 1552.72265 1552.72265 708.17838 54.39119 100.00000 78.08274 938368 938367 12105.26562 1924.45312 1300.54688 0 -1 765429 4 
noOPTF rd400 3D 1.50000 0.29871 400 539.95415 452.16801 450.95392 16.48292 0.26850 39.37451 927535 927534 14400.07812 894.82812 858.56250 882120 -1 61323 4 
