noOPTF bonus1000 2D 1.00000 0.12000 1001 402.46952 377.65755 355.41816 11.69066 5.88877 36.59482 710986 710985 14400.10938 616.18750 476.50000 646667 -1 107815 4 
noOPTF bonus1000rdmRad 2D 1.00000 0.06002 1001 938.27300 938.27300 477.77199 49.07964 100.00000 71.12671 262367 262366 4476.59375 453.28125 235.67188 0 -1 206194 4 
noOPTF d493rdmRad 2D 1.00000 0.13442 493 135.02000 134.23255 127.76633 5.37229 4.81717 35.09282 1025626 1025625 14400.18750 1193.87500 1123.67188 826138 -1 96578 4 
noOPTF dsj1000rdmRad 2D 1.00000 0.13808 1000 625.24800 625.24800 532.42002 14.84659 100.00000 54.09890 473445 473444 10436.76562 420.12500 279.84375 0 -1 184177 4 
noOPTF lin318rdmRad 2D 1.00000 0.10242 318 2079.49000 2070.62867 1833.08263 11.84941 11.47217 49.04739 642344 642343 14400.35938 429.76562 345.40625 525317 -1 229422 4 
noOPTF pcb442rdmRad 2D 1.00000 0.09393 442 221.16000 221.16000 176.80807 20.05423 100.00000 55.24611 762691 762690 14400.48438 576.35938 426.90625 0 -1 365522 4 
noOPTF rd400rdmRad 2D 1.00000 0.00990 400 1252.37994 1252.37994 553.06064 55.83923 100.00000 75.77927 1181809 1181808 14400.48438 3209.53125 1904.76562 0 -1 951916 4 
noOPTF team2_200rdmRad 2D 1.00000 0.05176 201 622.73839 622.73839 494.32898 20.62012 100.00000 62.48424 854825 854824 14400.46875 817.90625 723.06250 0 -1 352445 4 
noOPTF team3_300 2D 1.00000 0.07008 301 465.79600 461.88859 443.94839 4.69038 3.88410 46.66846 664718 664717 14400.03125 525.46875 464.35938 642150 -1 89883 4 
noOPTF team4_400 2D 1.00000 0.05009 401 680.21127 680.21127 495.26219 27.18995 100.00000 54.86092 929414 929413 14400.34375 1174.59375 909.71875 0 -1 509682 4 
noOPTF team4_400rdmRad 2D 1.00000 0.02046 401 1006.71000 1006.71000 547.05112 45.65951 100.00000 68.14415 1007154 1007153 14400.07812 1699.17188 1089.65625 0 -1 739075 4 
noOPTF team5_499 2D 1.00000 0.02001 500 702.82300 702.82300 510.19283 27.40806 100.00000 64.76572 954947 954946 14400.20312 1347.26562 913.26562 0 -1 488475 4 
noOPTF team6_500rdmRad 2D 1.00000 0.10008 501 621.98600 621.98600 496.85127 20.11858 100.00000 52.11905 811792 811791 14400.03125 778.76562 613.64062 0 -1 374064 4 
