noOPTF bonus1000 2D 1.00000 0.12000 1001 387.13000 377.37738 355.63808 8.13471 5.76063 36.54775 728350 728349 14400.50456 713.96203 565.73842 696998 -1 109686 4 
noOPTF bubbles4 2D 1.00000 0.05714 185 805.56000 803.00707 675.64264 16.12758 15.86094 53.87766 1153571 1153570 14400.43831 1313.56023 1239.14737 902767 -1 271577 4 
noOPTF bubbles5 2D 1.00000 0.05405 251 1061.64000 1061.64000 829.89122 21.82932 100.00000 59.78819 909959 909958 14400.08400 876.09478 740.71395 0 -1 422892 4 
noOPTF d493rdmRad 2D 1.00000 0.13442 493 134.74000 134.23255 127.73488 5.19899 4.84060 35.09282 1029359 1029358 14400.49805 1347.23391 1268.20534 904342 -1 99488 4 
noOPTF lin318rdmRad 2D 1.00000 0.10242 318 2055.77000 2055.77000 1832.84631 10.84381 100.00000 48.67912 635831 635830 14400.43995 427.38861 343.74933 0 -1 224725 4 
noOPTF pcb442rdmRad 2D 1.00000 0.09393 442 220.44000 220.44000 176.68872 19.84725 100.00000 55.09994 761684 761683 14400.52246 598.96320 445.94744 0 -1 372288 4 
noOPTF rd400rdmRad 2D 1.00000 0.00990 400 1252.22000 1252.22000 550.87174 56.00839 100.00000 75.77618 1180035 1180034 14400.12495 3263.20334 1929.77683 0 -1 964564 4 
noOPTF team2_200rdmRad 2D 1.00000 0.05176 201 616.82000 616.82000 494.60176 19.81425 100.00000 62.12427 863105 863104 14400.13438 790.68969 698.64072 0 -1 346312 4 
noOPTF pcb442 2D 0.50000 0.10000 442 146.03000 144.25917 136.57457 6.47499 5.32694 30.16371 690144 690143 14400.00010 468.46353 384.88172 76492 -1 187224 4 
noOPTF rd400 2D 0.50000 0.09980 400 460.21000 457.06877 428.40976 6.90994 6.27017 40.45519 783432 783431 14400.34460 643.76434 566.37130 701577 -1 170099 4 
