noOPTF bonus1000 2D 1.00000 0.12000 1001 402.46952 402.46952 356.24086 11.48625 100.00000 40.50371 494868 494867 1315.94982 1313.04645 686.73334 0 -1 203775 4 
noOPTF team3_300 2D 1.00000 0.07008 301 465.79600 465.79600 453.07113 2.73185 100.00000 47.11584 4776803 4776802 8701.67949 8689.31770 7333.82446 0 -1 755329 4 
noOPTF team4_400 2D 1.00000 0.05009 401 680.21127 680.21127 505.22493 25.72529 100.00000 54.86092 723896 723895 2101.83602 2097.24087 914.22034 0 -1 667652 4 
noOPTF team5_499 2D 1.00000 0.02001 500 702.82300 702.82300 523.60448 25.49981 100.00000 64.76572 744218 744217 2667.32176 2662.58468 930.36942 0 -1 681211 4 
noOPTF bonus1000rdmRad 2D 1.00000 0.06002 1001 938.27300 938.27300 496.51352 47.08219 100.00000 71.12671 302078 302077 1363.44456 1360.94056 296.12509 0 -1 275492 4 
noOPTF d493rdmRad 2D 1.00000 0.13442 493 135.02000 135.02000 125.05495 7.38043 100.00000 35.47137 1008230 1008229 2077.07812 2072.65625 1330.95312 0 -1 411955 4 
noOPTF dsj1000rdmRad 2D 1.00000 0.13808 1000 625.24800 625.24800 499.69664 20.08025 100.00000 54.09890 261437 261436 876.45553 874.33056 305.18044 0 -1 205481 4 
noOPTF kroD100rdmRad 2D 1.00000 0.03984 100 141.82900 141.82900 139.20045 1.85333 100.00000 37.90104 8691628 8691627 14400.01888 14385.28569 13513.02155 0 -1 715118 4 
noOPTF lin318rdmRad 2D 1.00000 0.10242 318 2079.49000 2079.49000 1805.36699 13.18222 100.00000 49.26452 1255888 1255887 2621.17900 2615.48072 1636.08439 0 -1 716930 4 
noOPTF pcb442rdmRad 2D 1.00000 0.09393 442 221.16000 221.16000 174.54338 21.07823 100.00000 55.24611 638200 638199 1650.50759 1646.31390 658.22610 0 -1 558556 4 
noOPTF rd400rdmRad 2D 1.00000 0.00990 400 1252.37994 1252.37994 575.05771 54.08281 100.00000 75.77927 1042715 1042714 3942.86778 3936.56455 1178.85886 0 -1 958997 4 
noOPTF team2_200rdmRad 2D 1.00000 0.05176 201 622.73839 622.73839 490.86797 21.17589 100.00000 62.48424 1494966 1494965 3338.85340 3330.05356 1862.90053 0 -1 1310359 4 
noOPTF team4_400rdmRad 2D 1.00000 0.02046 401 1006.71000 1006.71000 551.86787 45.18105 100.00000 68.14415 1049164 1049163 3684.84561 3678.22208 1209.21943 0 -1 963167 4 
noOPTF team6_500rdmRad 2D 1.00000 0.10008 501 621.98600 621.98600 483.62643 22.24480 100.00000 52.11905 484536 484535 1418.03754 1414.75680 573.17391 0 -1 439814 4 
