noOPTF bubbles4 2D 1.00000 0.05714 185 825.32600 807.69324 678.41413 17.80047 16.00597 54.14525 5007559 5007558 14400.01562 14390.25000 13842.09375 353120 -1 1242369 4 
noOPTF bubbles5 2D 1.00000 0.05405 251 1062.33509 1062.33509 825.57767 22.28651 100.00000 59.81450 2403994 2403993 6245.84375 6239.31250 5622.60938 0 -1 1033571 4 
noOPTF bubbles6 2D 1.00000 0.05128 325 1263.68000 1263.68000 960.24540 24.01198 100.00000 61.74268 1654270 1654269 4721.64062 4716.17188 4006.57812 0 -1 781313 4 
noOPTF bubbles7 2D 1.00000 0.04878 407 1639.33000 1639.33000 1059.15319 35.39109 100.00000 67.05971 1133922 1133921 4565.79688 4562.57812 3742.34375 0 -1 639049 4 
noOPTF bubbles8 2D 1.00000 0.04651 497 1972.99000 1972.99000 1161.50854 41.12953 100.00000 69.76400 888543 888542 4279.40625 4276.65625 3266.84375 0 -1 552561 4 
noOPTF bubbles9 2D 1.00000 0.04444 595 2330.31000 2330.31000 1248.17042 46.43758 100.00000 71.97330 666990 666989 4058.03125 4056.15625 2926.98438 0 -1 436761 4 
noOPTF concentricCircles2 2D 1.00000 0.02500 37 153.13217 153.13217 150.81295 1.51452 100.00000 55.59392 8328033 8328032 14400.01562 14393.64062 14196.56250 0 -1 258426 4 
noOPTF concentricCircles3 2D 1.00000 0.02308 61 271.07586 271.07586 245.81816 9.31758 100.00000 60.18136 6228766 6228765 14400.01562 14392.46875 14069.57812 0 -1 1004596 4 
noOPTF concentricCircles4 2D 1.00000 0.02143 105 454.45654 454.45654 349.78040 23.03326 100.00000 67.43363 6101471 6101470 14400.04688 14383.65625 13445.64062 0 -1 2065545 4 
noOPTF concentricCircles5 2D 1.00000 0.02000 149 645.38050 645.38050 441.41325 31.60419 100.00000 70.86990 4463989 4463988 12562.46875 12548.90625 11218.14062 0 -1 2088163 4 
noOPTF rotatingDiamonds3 2D 1.00000 0.01538 181 380.88233 380.88233 347.34260 8.80580 100.00000 57.54447 4581740 4581739 6929.06250 6917.29688 6314.46875 0 -1 1356812 4 
noOPTF rotatingDiamonds4 2D 1.00000 0.01176 321 770.66015 770.66015 568.43435 26.24059 100.00000 64.70558 1692492 1692491 3867.34375 3861.93750 3136.06250 0 -1 851440 4 
noOPTF rotatingDiamonds5 2D 1.00000 0.01053 681 1510.75230 1510.75230 1031.62661 31.71438 100.00000 66.82998 574414 574413 1615.10938 1612.53125 879.37500 0 -1 412614 4 
