noOPTF CETSP-100-1 2D 0.25000 0.01566 101 999.00000 84.73252 65.75667 93.41775 22.39501 60.22152 1168694 1168693 14400.17363 1376.84684 1299.81103 543163 -1 328632 4 
noOPTF CETSP-100-1 2D 0.50000 0.03131 101 999.00000 70.02976 62.01208 93.79258 11.44896 53.24094 926944 926943 14400.29696 864.20476 813.37429 510767 -1 185525 4 
noOPTF CETSP-100-2 2D 0.25000 0.01566 101 999.00000 81.26019 66.59807 93.33353 18.04343 56.93051 942082 942081 14400.18024 917.00983 850.99226 1586 -1 297276 4 
noOPTF CETSP-100-2 2D 0.50000 0.03132 101 999.00000 68.15249 62.65350 93.72838 8.06865 50.11351 1020165 1020164 14400.18713 1135.23406 1094.45969 640879 -1 116133 4 
noOPTF CETSP-100-3 2D 0.25000 0.01588 101 999.00000 78.68547 65.26232 93.46724 17.05925 57.02728 917438 917437 14400.18100 819.34665 756.97943 369186 -1 267462 4 
noOPTF CETSP-100-3 2D 0.50000 0.03177 101 999.00000 66.71794 61.58720 93.83512 7.69020 50.72308 803170 803169 14400.44243 759.13343 721.66627 417955 -1 121625 4 
noOPTF CETSP-100-4 2D 0.25000 0.01582 101 999.00000 79.16539 61.54843 93.83900 22.25336 56.56475 1081072 1081071 14400.50950 1265.16241 1182.99754 927937 -1 290592 4 
noOPTF CETSP-100-4 2D 0.50000 0.03165 101 999.00000 64.94560 57.44383 94.24987 11.55086 48.54758 957967 957966 14400.37410 946.55670 901.83069 648158 -1 162391 4 
noOPTF CETSP-100-5 2D 0.25000 0.01591 101 999.00000 73.91386 62.38581 93.75517 15.59659 48.92576 1050345 1050344 14400.31616 1071.99324 1012.60201 1046737 -1 218041 4 
noOPTF CETSP-100-5 2D 0.50000 0.03183 101 999.00000 61.93388 59.63858 94.03017 3.70605 40.32060 655667 655666 14400.05593 587.50655 550.28971 74480 -1 73473 4 
noOPTF CETSP-150-1 2D 0.25000 0.01571 151 999.00000 102.64773 68.03558 93.18963 33.71935 66.36000 1068012 1068011 14400.03646 1386.39746 1188.78613 3138 -1 595687 4 
noOPTF CETSP-150-1 2D 0.50000 0.03141 151 999.00000 82.16149 62.98532 93.69516 23.33960 59.11543 1162260 1162259 14400.10273 1707.38046 1605.99569 510624 -1 338388 4 
noOPTF CETSP-150-1 2D 1.00000 0.06282 151 999.00000 56.88052 55.56956 94.43748 2.30477 43.78136 942244 942243 14400.27425 963.03277 925.93748 554606 -1 62123 4 
noOPTF CETSP-150-2 2D 0.25000 0.01572 151 999.00000 94.30743 66.72457 93.32086 29.24781 59.29372 1122771 1122770 14400.00987 1588.27131 1410.97828 567368 -1 522195 4 
noOPTF CETSP-150-2 2D 0.50000 0.03145 151 999.00000 73.73405 63.15687 93.67799 14.34504 49.00278 1001762 1001761 14400.13157 1067.43422 994.74699 568007 -1 230564 4 
noOPTF CETSP-150-2 2D 1.00000 0.06289 151 999.00000 56.22726 55.33634 94.46083 1.58449 35.90571 762707 762706 14400.27718 769.23269 732.67617 54685 -1 46546 4 
noOPTF CETSP-150-3 2D 0.25000 0.01578 151 999.00000 97.78836 62.67898 93.72583 35.90343 64.39200 1056646 1056645 14400.04059 1455.13558 1241.36606 3445 -1 551329 4 
noOPTF CETSP-150-3 2D 0.50000 0.03156 151 999.00000 77.64522 58.75574 94.11854 24.32793 56.29819 1208416 1208415 14400.51946 1775.51580 1673.40627 971449 -1 295028 4 
noOPTF CETSP-150-3 2D 1.00000 0.06312 151 999.00000 56.08756 51.34700 94.86016 8.45207 42.64975 898290 898289 14400.13919 786.96048 738.91643 615648 -1 159637 4 
noOPTF CETSP-150-4 2D 0.25000 0.01576 151 999.00000 94.89808 66.80732 93.31258 29.60098 63.72442 1088284 1088283 14400.36088 1388.79405 1201.39522 833625 -1 495029 4 
noOPTF CETSP-150-4 2D 0.50000 0.03152 151 999.00000 79.78433 63.14608 93.67907 20.85403 58.00620 1029448 1029447 14400.40527 1146.72695 1043.53318 1003007 -1 380321 4 
noOPTF CETSP-150-4 2D 1.00000 0.06303 151 999.00000 57.38773 55.17249 94.47723 3.86012 44.80925 837398 837397 14400.05485 722.99036 682.27660 833992 -1 103012 4 
noOPTF CETSP-150-5 2D 0.25000 0.01564 151 999.00000 96.10235 66.41776 93.35158 30.88852 58.39141 1087751 1087750 14400.33325 1621.29517 1474.99420 900145 -1 441632 4 
noOPTF CETSP-150-5 2D 0.50000 0.03128 151 999.00000 79.08252 62.80997 93.71272 20.57667 50.44026 978478 978477 14400.22328 1035.88874 937.94359 966305 -1 342506 4 
noOPTF CETSP-150-5 2D 1.00000 0.06257 151 999.00000 57.18160 55.00584 94.49391 3.80499 34.21878 826493 826492 14400.02248 739.25707 701.53233 396856 -1 77651 4 
noOPTF CETSP-100-10 2D 0.25000 0.01565 101 999.00000 80.34405 66.81327 93.31198 16.84104 56.05506 1056337 1056336 14400.11240 1154.42512 1086.39115 221777 -1 261262 4 
noOPTF CETSP-100-10 2D 0.50000 0.03129 101 999.00000 67.56757 63.11781 93.68190 6.58564 49.12507 856847 856846 14400.06346 771.23863 734.44968 515102 -1 113336 4 
noOPTF CETSP-100-6 2D 0.25000 0.01569 101 999.00000 83.63923 67.09372 93.28391 19.78199 57.55590 917122 917121 14400.06603 847.56482 772.11067 497373 -1 352269 4 
noOPTF CETSP-100-6 2D 0.50000 0.03137 101 999.00000 70.10021 62.78959 93.71476 10.42880 50.66806 816344 816343 14400.42911 619.28822 570.93002 320333 -1 224412 4 
noOPTF CETSP-100-7 2D 0.25000 0.01565 101 999.00000 82.17993 65.59353 93.43408 20.18303 55.22688 876852 876851 14400.12518 762.23781 696.12122 434025 -1 308069 4 
noOPTF CETSP-100-7 2D 0.50000 0.03129 101 999.00000 69.02426 61.66702 93.82713 10.65893 48.02747 817572 817571 14400.47534 702.62287 659.15319 375622 -1 166692 4 
noOPTF CETSP-100-8 2D 0.25000 0.01613 101 999.00000 78.42033 65.42740 93.45071 16.56831 57.92426 820291 820290 14400.55095 674.00767 613.96472 1523 -1 288794 4 
noOPTF CETSP-100-8 2D 0.50000 0.03226 101 999.00000 65.57364 61.14376 93.87950 6.75558 51.09050 820069 820068 14400.04006 687.95614 649.60280 428941 -1 103928 4 
noOPTF CETSP-100-9 2D 0.25000 0.01566 101 999.00000 81.99656 64.66101 93.52743 21.14180 53.92746 925252 925251 14400.24924 926.71754 854.14829 217053 -1 332789 4 
noOPTF CETSP-100-9 2D 0.50000 0.03132 101 999.00000 69.07194 60.69057 93.92487 12.13425 46.53170 890286 890285 14400.16190 803.07833 753.01596 621088 -1 199153 4 
noOPTF CETSP-100-9 2D 0.25000 0.01566 101 999.00000 81.85143 64.58484 93.53505 21.09504 53.84578 958352 958351 14400.51345 1045.01917 974.15051 506469 -1 320079 4 
noOPTF CETSP-100-9 2D 0.50000 0.03132 101 999.00000 69.07194 60.71106 93.92282 12.10459 46.53170 888438 888437 14400.27535 780.49798 731.05825 760525 -1 201353 4 
noOPTF CETSP-150-10 2D 0.25000 0.01593 151 999.00000 91.65021 63.53537 93.64010 30.67624 64.32564 1077649 1077648 14400.40927 1272.09652 1101.01788 3319 -1 511695 4 
noOPTF CETSP-150-10 2D 0.50000 0.03185 151 999.00000 72.57719 59.63472 94.03056 17.83270 56.23081 1166435 1166434 14400.06052 1521.35620 1423.17237 1165285 -1 279410 4 
noOPTF CETSP-150-10 2D 1.00000 0.06370 151 999.00000 51.89389 51.46168 94.84868 0.83287 42.34951 1102198 1102197 14400.02807 1351.54730 1312.76670 540029 -1 25798 4 
noOPTF CETSP-150-6 2D 0.25000 0.01582 151 999.00000 96.05930 66.61108 93.33222 30.65630 58.43731 917485 917484 14400.27044 956.16719 784.77923 3838 -1 560122 4 
noOPTF CETSP-150-6 2D 0.50000 0.03165 151 999.00000 80.62462 62.23947 93.76982 22.80340 51.51656 1097552 1097551 14400.12331 1493.94994 1377.03173 467974 -1 335711 4 
noOPTF CETSP-150-6 2D 1.00000 0.06330 151 999.00000 58.68034 55.06582 94.48791 6.15969 36.20848 837026 837025 14400.32473 676.28072 632.48089 425273 -1 134602 4 
noOPTF CETSP-150-7 2D 0.25000 0.01578 151 999.00000 92.59052 65.38424 93.45503 29.38344 60.67664 1025725 1025724 14400.53409 1201.41439 1017.82626 2834 -1 554177 4 
noOPTF CETSP-150-7 2D 0.50000 0.03156 151 999.00000 74.42212 61.19923 93.87395 17.76741 52.29314 1141425 1141424 14400.13725 1570.71036 1481.11786 874263 -1 264285 4 
noOPTF CETSP-150-8 2D 0.25000 0.01567 151 999.00000 90.40973 63.29905 93.66376 29.98646 57.69904 1230086 1230085 14400.43594 1877.37205 1722.81393 954998 -1 442158 4 
noOPTF CETSP-150-8 2D 0.50000 0.03134 151 999.00000 73.36605 59.92306 94.00170 18.32318 49.05717 1042001 1042000 14400.01536 1187.85856 1092.73655 814450 -1 292330 4 
noOPTF CETSP-150-9 2D 0.25000 0.01574 151 999.00000 95.86647 66.59043 93.33429 30.53836 64.44263 1086972 1086971 14400.07352 1440.30564 1290.59821 3681 -1 441644 4 
noOPTF CETSP-150-9 2D 0.50000 0.03147 151 999.00000 76.19614 62.85054 93.70865 17.51480 56.56010 1043730 1043729 14400.11549 1216.61281 1126.92303 820332 -1 262896 4 
noOPTF CETSP-150-9 2D 1.00000 0.06295 151 999.00000 56.08865 55.16871 94.47761 1.64016 44.50579 754733 754732 14400.21198 857.36106 815.99505 106403 -1 43398 4 
noOPTF CETSP-50-9 2D 0.25000 0.01588 51 999.00000 64.86606 62.37771 93.75598 3.83612 52.35821 698355 698354 14400.10485 534.30477 508.40370 282860 -1 80229 4 
