OPTF CETSP-100-1 2D 1.00000 0.06262 101 999.00000 54.20620 54.20566 43.12132 448196 448195 7211.40076 493.17425 473.41827 293176 -1 21216 4 
OPTF CETSP-100-2 2D 1.00000 0.06264 101 999.00000 51.70368 51.69295 38.10885 48964 48963 340.62452 45.35190 43.76855 25317 -1 1233 4 
OPTF CETSP-100-3 2D 1.00000 0.06354 101 999.00000 50.64950 50.64970 38.77927 32945 32944 191.57462 27.39769 26.25419 13509 -1 1098 4 
OPTF CETSP-100-4 2D 1.00000 0.06329 101 999.00000 49.27095 49.27016 36.10905 627453 627452 8235.65419 851.42648 828.30102 108696 -1 12528 4 
OPTF CETSP-100-5 2D 1.00000 0.06366 101 999.00000 49.41207 49.41269 28.36883 89174 89173 996.60839 84.71748 81.08932 29301 -1 3180 4 
OPTF CETSP-50-1 2D 0.25000 0.01566 51 999.00000 63.64965 63.64377 48.12946 109493 109492 1266.99748 93.97295 89.68632 28606 -1 3740 4 
OPTF CETSP-50-1 2D 0.50000 0.03131 51 999.00000 56.42891 56.42919 43.11766 23817 23816 145.65167 16.93360 16.17114 12300 -1 896 4 
OPTF CETSP-50-1 2D 1.00000 0.06262 51 999.00000 46.30989 46.32527 34.62699 1050 1049 3.90563 0.66104 0.62016 930 -1 113 4 
OPTF CETSP-50-2 2D 0.25000 0.01703 51 999.00000 58.09310 58.09295 47.70901 631013 631012 10534.76403 696.02196 668.20473 35459 -1 23058 4 
OPTF CETSP-50-2 2D 0.50000 0.03405 51 999.00000 50.81517 50.81606 42.00042 90786 90785 682.62507 81.50934 78.60163 15068 -1 2222 4 
OPTF CETSP-50-2 2D 1.00000 0.06810 51 999.00000 39.82898 39.94516 30.51848 2321 2320 14.93503 1.52424 1.45634 1995 -1 165 4 
OPTF CETSP-50-3 2D 0.25000 0.01692 51 999.00000 59.03200 59.07907 45.07963 114180 114179 1384.41170 102.69793 97.71982 6235 -1 4508 4 
OPTF CETSP-50-3 2D 0.50000 0.03383 51 999.00000 52.70682 52.70624 39.99254 49923 49922 306.21593 39.64570 37.98363 8840 -1 1351 4 
OPTF CETSP-50-3 2D 1.00000 0.06766 51 999.00000 42.29051 42.40783 28.93375 1708 1707 14.69678 1.29350 1.22164 375 -1 269 4 
OPTF CETSP-50-4 2D 0.25000 0.01586 51 999.00000 62.83531 62.83490 47.66064 225612 225611 2948.72789 225.28098 216.17008 53411 -1 6736 4 
OPTF CETSP-50-4 2D 0.50000 0.03172 51 999.00000 54.81919 54.88799 41.58531 22388 22387 115.25973 16.20395 15.49785 5244 -1 1110 4 
OPTF CETSP-50-4 2D 1.00000 0.06345 51 999.00000 43.92481 43.80009 31.01065 1421 1420 10.31221 0.92153 0.86431 1110 -1 272 4 
OPTF CETSP-50-5 2D 0.25000 0.01569 51 999.00000 59.34846 59.34791 37.92667 156505 156504 1669.34580 147.91075 143.17681 58930 -1 3254 4 
OPTF CETSP-50-5 2D 0.50000 0.03138 51 999.00000 52.42264 52.40133 31.46052 6040 6039 32.74914 4.05554 3.86812 3815 -1 232 4 
OPTF CETSP-50-5 2D 1.00000 0.06277 51 999.00000 43.73320 43.74612 21.98549 711 710 1.91536 0.43019 0.40680 346 -1 133 4 
OPTF CETSP-100-10 2D 1.00000 0.06259 101 999.00000 52.92463 52.92548 38.56255 83818 83817 773.69873 83.00047 79.80705 40065 -1 2733 4 
OPTF CETSP-100-6 2D 1.00000 0.06274 101 999.00000 52.38773 52.38635 37.47704 270123 270122 3175.04451 326.43148 317.21347 43351 -1 3701 4 
OPTF CETSP-100-7 2D 1.00000 0.06258 101 999.00000 52.38831 52.38755 35.02831 167792 167791 2167.06965 177.73055 171.07181 100576 -1 5857 4 
OPTF CETSP-100-8 2D 1.00000 0.06453 101 999.00000 50.44262 50.46150 40.07182 58662 58661 477.70526 47.76155 45.85844 21221 -1 2278 4 
OPTF CETSP-100-9 2D 1.00000 0.06265 101 999.00000 51.46308 51.46278 31.28055 99814 99813 957.38147 93.94178 90.44951 41461 -1 2456 4 
OPTF CETSP-150-7 2D 1.00000 0.06312 151 999.00000 54.27649 54.27566 37.90508 563015 563014 8845.37083 648.88592 619.78418 178036 -1 21286 4 
OPTF CETSP-150-8 2D 1.00000 0.06267 151 999.00000 52.50801 52.50773 32.11217 395315 395314 5769.89729 462.49434 441.12427 80473 -1 9243 4 
OPTF CETSP-50-10 2D 0.25000 0.01568 51 999.00000 64.09497 64.09391 39.99946 90456 90455 1047.13639 73.66958 70.11561 10098 -1 3249 4 
OPTF CETSP-50-10 2D 0.50000 0.03136 51 999.00000 57.41442 57.40907 34.37990 30290 30289 151.40306 24.06700 23.14880 6753 -1 759 4 
OPTF CETSP-50-10 2D 1.00000 0.06272 51 999.00000 47.34606 46.83213 23.70641 1983 1982 12.18884 1.30569 1.23612 1472 -1 172 4 
OPTF CETSP-50-6 2D 0.25000 0.01585 51 999.00000 58.21996 58.21447 36.69706 52059 52058 252.03717 39.03776 37.42257 14783 -1 1799 4 
OPTF CETSP-50-6 2D 0.50000 0.03170 51 999.00000 51.82477 51.79655 30.60977 7849 7848 63.21432 5.93304 5.63302 5097 -1 653 4 
OPTF CETSP-50-6 2D 1.00000 0.06339 51 999.00000 43.09692 42.98361 20.67923 1312 1311 8.85725 0.88477 0.83362 1089 -1 198 4 
OPTF CETSP-50-7 2D 0.25000 0.01575 51 999.00000 59.90504 59.89711 42.27816 79565 79564 417.77712 64.22221 61.85507 30757 -1 1423 4 
OPTF CETSP-50-7 2D 0.50000 0.03149 51 999.00000 52.54394 52.34566 35.94366 6623 6622 35.79727 4.04161 3.85315 3331 -1 296 4 
OPTF CETSP-50-7 2D 1.00000 0.06298 51 999.00000 43.14440 43.05720 26.23313 668 667 2.38425 0.29230 0.26930 620 -1 72 4 
OPTF CETSP-50-8 2D 0.25000 0.01566 51 999.00000 59.26431 59.26320 47.48087 77344 77343 310.34456 60.89742 58.82198 14994 -1 1464 4 
OPTF CETSP-50-8 2D 0.50000 0.03131 51 999.00000 51.69274 51.52313 41.54591 3209 3208 22.18243 2.26931 2.14475 1615 -1 263 4 
OPTF CETSP-50-8 2D 1.00000 0.06263 51 999.00000 42.47589 42.48236 33.12259 1015 1014 2.77656 0.63126 0.59336 695 -1 149 4 
OPTF CETSP-50-9 2D 0.50000 0.03175 51 999.00000 56.56380 56.56247 46.93684 122396 122395 1439.20937 116.64223 112.46043 26792 -1 3562 4 
OPTF CETSP-50-9 2D 1.00000 0.06350 51 999.00000 44.73312 44.20640 36.84850 3801 3800 20.89370 2.36533 2.24233 2103 -1 448 4 
