noOPTF bonus1000 2D 1.00000 0.12000 1001 402.46952 377.78821 352.10560 12.51372 6.79815 36.61675 1269282 1269281 2745.37500 2737.45312 2429.98438 801865 -1 199248 4 
noOPTF bonus1000rdmRad 2D 1.00000 0.06002 1001 938.27300 938.27300 461.30345 50.83484 100.00000 71.12671 289676 289675 1256.85938 1255.01562 705.46875 0 -1 231815 4 
noOPTF d493rdmRad 2D 1.00000 0.13442 493 135.02000 134.22636 128.71811 4.66738 4.10370 35.08983 5341821 5341820 14400.01562 14390.62500 14039.29688 1846096 -1 401074 4 
noOPTF dsj1000rdmRad 2D 1.00000 0.13808 1000 625.24800 625.24800 518.80890 17.02350 100.00000 54.09890 530053 530052 1056.76562 1054.28125 829.75000 0 -1 202560 4 
noOPTF lin318rdmRad 2D 1.00000 0.10242 318 2079.49000 2066.01577 1832.63263 11.87105 11.29629 48.93363 2903436 2903435 5520.84375 5513.46875 5092.07812 2399735 -1 703327 4 
noOPTF pcb442rdmRad 2D 1.00000 0.09393 442 221.16000 221.16000 171.69337 22.36690 100.00000 55.24611 1035056 1035055 1859.34375 1856.31250 1533.85938 0 -1 492301 4 
noOPTF rd400rdmRad 2D 1.00000 0.00990 400 1252.37994 1252.37994 536.53698 57.15861 100.00000 75.77927 1151610 1151609 6738.34375 6734.09375 4106.25000 0 -1 893980 4 
noOPTF team2_200rdmRad 2D 1.00000 0.05176 201 622.73839 621.19059 495.17160 20.48481 20.28669 62.39076 4232809 4232808 12562.73438 12552.84375 11825.75000 931185 -1 1267737 4 
noOPTF team3_300 2D 1.00000 0.07008 301 465.79600 461.88859 451.14623 3.14510 2.32575 46.66846 7881227 7881226 14400.07812 14385.07812 13786.09375 1159040 -1 586906 4 
noOPTF team4_400 2D 1.00000 0.05009 401 680.21127 680.21127 486.01533 28.54936 100.00000 54.86092 1058676 1058675 2798.79688 2794.84375 2131.51562 0 -1 649460 4 
noOPTF team4_400rdmRad 2D 1.00000 0.02046 401 1006.71000 1006.71000 529.69353 47.38370 100.00000 68.14415 1046222 1046221 4214.29688 4210.39062 2795.92188 0 -1 757191 4 
noOPTF team5_499 2D 1.00000 0.02001 500 702.82300 702.82300 503.08401 28.41953 100.00000 64.76572 1116208 1116207 3514.71875 3511.18750 2472.78125 0 -1 595536 4 
noOPTF team6_500rdmRad 2D 1.00000 0.10008 501 621.98600 621.98600 485.49087 21.94505 100.00000 52.11905 928937 928936 2193.78125 2190.90625 1878.18750 0 -1 420733 4 
