OPTF d493 2D 0.40000 0.08000 493  - 110.63695 110.63809 15.13120 833956 833955 12378.57298 1274.12630 1210.16976 632750 -1 22743 4 
OPTF d493 2D 0.50000 0.10000 493 101.73460 100.72082 100.73267 9.07265 3863 3862 15.43540 2.91035 2.58065 3769 -1 123 4 
OPTF d493 2D 0.60000 0.12000 493  - 94.42492 94.41220 5.44664 478 477 1.50205 0.24267 0.21228 218 -1 72 4 
OPTF d493 2D 0.70000 0.14000 493  - 90.01433 0.00000 3.35525 43 42 0.86644 0.01078 0.00927 0 -1 2 4 
OPTF d493 2D 0.80000 0.16000 493  - 86.93246 84.71978 2.54529 1 0 0.49668 0.00000 0.00043 0 -1 1 4 
OPTF d493 2D 0.90000 0.18000 493  - 84.37521 0.00000 2.27063 4 3 0.95121 0.00021 0.00044 0 -1 1 4 
OPTF d493 2D 1.00000 0.20000 493  - 81.85936 0.00000 2.01077 4 3 1.88691 0.00026 0.00044 0 -1 1 4 
OPTF d493 2D 1.10000 0.22000 493  - 79.38109 0.00000 1.76212 4 3 0.85351 0.00020 0.00045 0 -1 1 4 
OPTF d493 2D 1.20000 0.24000 493  - 76.93393 0.00000 1.51708 4 3 1.03962 0.00018 0.00046 0 -1 1 4 
OPTF d493 2D 1.30000 0.26000 493  - 74.51316 0.00000 1.26918 4 3 1.36747 0.00019 0.00051 0 -1 1 4 
OPTF d493 2D 1.40000 0.28000 493  - 72.12037 0.00000 1.01963 4 3 0.99401 0.00018 0.00054 0 -1 1 4 
OPTF d493 2D 1.50000 0.30000 493 69.75773 69.75773 69.22027 0.77047 1 0 0.27760 0.00000 0.00047 0 -1 1 4 
OPTF dsj1000 2D 0.40000 0.08859 1000  - 420.69418 420.69142 33.16087 862687 862686 12043.40864 1376.64991 1290.36108 428790 -1 11901 4 
OPTF dsj1000 2D 0.50000 0.11074 1000 376.09882 373.75928 373.75941 26.99957 223046 223045 2326.50976 311.16666 299.86474 80248 -1 2884 4 
OPTF dsj1000 2D 0.60000 0.13289 1000  - 336.34488 336.32043 21.34991 37591 37590 306.81593 37.91625 34.49341 25893 -1 1818 4 
OPTF dsj1000 2D 0.70000 0.15504 1000  - 309.20359 309.22522 17.12309 4819 4818 55.33475 3.81913 3.42170 2510 -1 368 4 
OPTF dsj1000 2D 0.80000 0.17718 1000  - 285.90345 285.17897 13.25201 1321 1320 15.95347 0.85499 0.65805 1168 -1 236 4 
OPTF dsj1000 2D 0.90000 0.19933 1000  - 265.27834 265.98285 9.60132 717 716 3.66370 0.51526 0.47194 172 -1 26 4 
OPTF dsj1000 2D 1.00000 0.22148 1000  - 251.68077 0.00000 7.96379 205 204 1.28739 0.11001 0.10142 0 -1 7 4 
OPTF dsj1000 2D 1.10000 0.24363 1000  - 239.93539 0.00000 6.84792 159 158 1.13757 0.07021 0.06291 0 -1 6 4 
OPTF dsj1000 2D 1.20000 0.26578 1000  - 228.90616 0.00000 5.89526 259 258 1.17553 0.10632 0.09385 0 -1 7 4 
OPTF dsj1000 2D 1.30000 0.28792 1000  - 218.80188 218.79794 5.22973 56 55 2.66372 0.02238 0.01955 23 -1 5 4 
OPTF dsj1000 2D 1.40000 0.31007 1000  - 209.26036 199.34907 4.73634 1 0 0.80260 0.00000 0.00049 0 -1 1 4 
OPTF dsj1000 2D 1.50000 0.33222 1000 199.94784 199.94784 191.38298 4.28355 1 0 0.56839 0.00000 0.00048 0 -1 1 4 
OPTF kroD100 2D 0.20000 0.03952 100  - 127.75781 127.75671 32.59799 1032714 1032713 12866.79226 1226.39716 1192.74284 325974 -1 15344 4 
OPTF kroD100 2D 0.30000 0.05929 100  - 109.35425 109.35504 23.43728 75522 75521 632.33344 69.32378 67.23240 12838 -1 1117 4 
OPTF kroD100 2D 0.40000 0.07905 100  - 96.89527 96.89132 16.03943 3846 3845 19.75588 2.30226 2.14131 1534 -1 387 4 
OPTF kroD100 2D 0.50000 0.09881 100 89.66791 89.66791 0.00000 11.89749 513 512 0.87504 0.20454 0.19440 0 -1 12 4 
OPTF kroD100 2D 0.60000 0.11857 100  - 85.25724 76.66289 10.08050 1 0 0.50651 0.00000 0.00043 0 -1 1 4 
OPTF kroD100 2D 0.70000 0.13833 100  - 81.67149 74.34423 8.97162 1 0 0.09214 0.00000 0.00042 0 -1 1 4 
OPTF kroD100 2D 0.80000 0.15809 100  - 78.55212 72.04461 8.28432 1 0 0.30431 0.00000 0.00044 0 -1 1 4 
OPTF kroD100 2D 0.90000 0.17786 100  - 75.51015 69.76503 7.60842 1 0 0.09804 0.00000 0.00048 0 -1 1 4 
OPTF kroD100 2D 1.00000 0.19762 100  - 72.54124 67.50665 6.94032 1 0 0.09323 0.00000 0.00045 0 -1 1 4 
OPTF kroD100 2D 1.10000 0.21738 100  - 69.62674 65.27081 6.25611 1 0 0.18313 0.00000 0.00042 0 -1 1 4 
OPTF kroD100 2D 1.20000 0.23714 100  - 66.76600 63.05911 5.55205 1 0 0.12342 0.00000 0.00044 0 -1 1 4 
OPTF kroD100 2D 1.30000 0.25690 100  - 63.96157 60.87347 4.82806 1 0 0.12138 0.00000 0.00047 0 -1 1 4 
OPTF kroD100 2D 1.40000 0.27666 100  - 61.21753 58.71623 4.08592 1 0 0.14083 0.00000 0.00050 0 -1 1 4 
OPTF kroD100 2D 1.50000 0.29643 100 58.54121 58.54121 56.59043 3.33232 1 0 0.05845 0.00000 0.00049 0 -1 1 4 
OPTF lin318 2D 0.50000 0.10195 318 1408.48207 1394.62615 1394.57622 26.83311 205484 205483 2782.77497 252.56238 239.23977 47075 -1 6624 4 
OPTF lin318 2D 0.60000 0.12234 318  - 1249.00838 1249.00241 20.43286 70564 70563 434.60633 87.09701 84.46658 7390 -1 1393 4 
OPTF lin318 2D 0.70000 0.14273 318  - 1131.28826 1131.02459 14.49429 21110 21109 120.94267 21.68232 20.92622 3621 -1 735 4 
OPTF lin318 2D 0.80000 0.16312 318  - 1039.72146 1039.74490 9.49930 4106 4105 28.53430 2.86979 2.52224 3506 -1 102 4 
OPTF lin318 2D 0.90000 0.18351 318  - 978.27006 914.72090 6.49608 1 0 0.34008 0.00000 0.00051 0 -1 1 4 
OPTF lin318 2D 1.00000 0.20390 318  - 937.83800 888.61643 5.24841 1 0 0.35723 0.00000 0.00046 0 -1 1 4 
OPTF lin318 2D 1.10000 0.22429 318  - 900.49524 862.64530 4.20324 1 0 0.32464 0.00000 0.00046 0 -1 1 4 
OPTF lin318 2D 1.20000 0.24468 318  - 864.44716 836.81109 3.19696 1 0 0.30408 0.00000 0.00047 0 -1 1 4 
OPTF lin318 2D 1.30000 0.26507 318  - 829.85396 811.11755 2.25780 1 0 0.29988 0.00000 0.00048 0 -1 1 4 
OPTF lin318 2D 1.40000 0.28545 318  - 796.92488 785.56859 1.42501 1 0 0.28246 0.00000 0.00046 0 -1 1 4 
OPTF lin318 2D 1.50000 0.30584 318 765.96407 765.96407 760.16824 0.75667 1 0 0.18476 0.00000 0.00054 0 -1 1 4 
OPTF pcb442 2D 0.80000 0.16000 442  - 108.82416 108.82166 13.75226 91024 91023 1006.54688 105.32812 100.07812 6828 -1 2126 4 
OPTF pcb442 2D 0.90000 0.18000 442  - 102.31592 102.31582 10.47435 130288 130287 1941.64062 149.89062 141.17188 4754 -1 5072 4 
OPTF pcb442 2D 1.00000 0.20000 442  - 97.99430 0.00000 8.81191 76 75 0.89062 0.03125 0.01562 0 -1 4 4 
OPTF pcb442 2D 1.10000 0.22000 442  - 94.64571 87.13973 7.93060 1 0 0.59375 0.00000 0.00000 0 -1 1 4 
OPTF pcb442 2D 1.20000 0.24000 442  - 91.77774 84.94186 7.44830 1 0 0.45312 0.00000 0.00000 0 -1 1 4 
OPTF pcb442 2D 1.30000 0.26000 442  - 88.99432 82.76665 6.99783 1 0 0.64062 0.00000 0.00000 0 -1 1 4 
OPTF pcb442 2D 1.40000 0.28000 442  - 86.24676 80.61535 6.52941 1 0 0.56250 0.00000 0.00000 0 -1 1 4 
OPTF pcb442 2D 1.50000 0.30000 442 83.53733 83.53733 78.48934 6.04280 1 0 0.23438 0.00000 0.00000 0 -1 1 4 
OPTF rat195 2D 0.50000 0.09797 195 68.08302 67.99089 67.96523 9.99955 1199 1198 7.74149 0.80132 0.76084 650 -1 56 4 
OPTF rat195 2D 0.60000 0.11756 195  - 64.89911 59.47709 8.35454 1 0 0.34515 0.00000 0.00047 0 -1 1 4 
OPTF rat195 2D 0.70000 0.13715 195  - 62.53784 57.77529 7.61546 1 0 0.17205 0.00000 0.00045 0 -1 1 4 
OPTF rat195 2D 0.80000 0.15675 195  - 60.29309 56.08741 6.97540 1 0 0.17829 0.00000 0.00045 0 -1 1 4 
OPTF rat195 2D 0.90000 0.17634 195  - 58.08131 54.41421 6.31373 1 0 0.16870 0.00000 0.00045 0 -1 1 4 
OPTF rat195 2D 1.00000 0.19593 195  - 55.90521 52.75662 5.63202 1 0 0.24647 0.00000 0.00045 0 -1 1 4 
OPTF rat195 2D 1.10000 0.21553 195  - 53.76802 51.11570 4.93290 1 0 0.23035 0.00000 0.00045 0 -1 1 4 
OPTF rat195 2D 1.20000 0.23512 195  - 51.67363 49.49277 4.22045 1 0 0.28226 0.00000 0.00043 0 -1 1 4 
OPTF rat195 2D 1.30000 0.25471 195  - 49.62681 47.88944 3.50086 1 0 0.29280 0.00000 0.00045 0 -1 1 4 
OPTF rat195 2D 1.40000 0.27431 195  - 47.63356 46.30779 2.78327 1 0 0.23440 0.00000 0.00052 0 -1 1 4 
OPTF rat195 2D 1.50000 0.29390 195 45.70165 45.70165 44.75455 2.07235 1 0 0.11308 0.00000 0.00046 0 -1 1 4 
OPTF rd400 2D 0.70000 0.13972 400  - 366.59428 366.59140 29.34829 620469 620468 8820.99690 957.35369 923.25860 256114 -1 9356 4 
OPTF rd400 2D 0.80000 0.15968 400  - 335.11141 335.08564 24.66195 65268 65267 592.96788 84.89015 82.35708 32918 -1 1558 4 
OPTF rd400 2D 0.90000 0.17964 400  - 306.61873 306.79637 19.78482 2272 2271 12.18505 1.58016 1.12712 1452 -1 196 4 
OPTF rd400 2D 1.00000 0.19960 400  - 285.99258 286.30646 16.26674 1013 1012 7.43817 0.67756 0.60533 378 -1 108 4 
OPTF rd400 2D 1.10000 0.21956 400  - 267.15892 267.17329 12.78011 557 556 2.67998 0.40020 0.28088 469 -1 50 4 
OPTF rd400 2D 1.20000 0.23952 400  - 253.36084 253.38170 10.56631 128 127 1.49110 0.05108 0.04354 89 -1 20 4 
OPTF rd400 2D 1.30000 0.25948 400  - 243.32346 220.19456 9.50541 1 0 0.32368 0.00000 0.00054 0 -1 1 4 
OPTF rd400 2D 1.40000 0.27944 400  - 233.92684 213.83046 8.59088 1 0 0.32518 0.00000 0.00049 0 -1 1 4 
OPTF rd400 2D 1.50000 0.29940 400 224.83865 224.83865 207.49862 7.71221 1 0 0.24121 0.00000 0.00049 0 -1 1 4 

