noOPTF d493 2D 0.10000 0.02000 493 202.79343 202.79343 143.84896 29.06626 100.00000 50.24055 727244 727243 14400.11774 945.01356 529.06749 0 -1 563001 4 
noOPTF d493 2D 0.20000 0.04000 493  - 155.96009 132.49005 99.99868 15.04875 36.80457 804612 804611 14400.35296 980.24724 716.13646 525060 -1 356004 4 
noOPTF d493 2D 0.30000 0.06000 493  - 127.66072 121.15991 99.99879 5.09226 24.62678 752785 752784 14400.25182 594.17737 468.15868 700819 -1 170358 4 
noOPTF dsj1000 2D 0.10000 0.02215 1000 935.74295 935.74295 533.04802 43.03478 100.00000 67.25615 410026 410025 6758.35257 961.94825 410.02686 0 -1 293136 4 
noOPTF dsj1000 2D 0.20000 0.04430 1000  - 690.10191 497.85540 99.99502 27.85770 56.82298 462347 462346 7326.91212 988.01395 621.91444 366385 -1 218037 4 
noOPTF dsj1000 2D 0.30000 0.06644 1000  - 493.73053 467.37977 99.99533 5.33707 41.35225 871883 871882 14400.26891 1004.19885 790.08984 694047 -1 113036 4 
noOPTF kroD100 2D 0.10000 0.01976 100 159.03800 159.03800 139.65833 12.18556 100.00000 44.34446 875859 875858 14400.30159 728.27080 680.28134 0 -1 200763 4 
noOPTF lin318 2D 0.10000 0.02039 318 2842.32000 2842.32000 1929.76198 32.10610 100.00000 60.31532 932009 932008 14400.01330 1137.96055 760.87251 0 -1 630980 4 
noOPTF lin318 2D 0.20000 0.04078 318  - 2268.97925 1792.81178 99.98207 20.98598 51.47997 1072757 1072756 14400.40922 1529.39352 1302.39274 867409 -1 356839 4 
noOPTF lin318 2D 0.30000 0.06117 318  - 1840.44023 1662.58456 99.98337 9.66376 41.64646 919578 919577 14400.00326 990.24804 883.24956 560375 -1 191641 4 
noOPTF lin318 2D 0.40000 0.08156 318  - 1568.13927 1537.17723 99.98463 1.97444 33.22493 846762 846761 14400.29236 782.68755 720.49323 806936 -1 76506 4 
noOPTF pcb442 2D 0.10000 0.02000 442 323.03367 323.03367 177.76514 44.97009 100.00000 65.89691 1023302 1023301 12525.34375 2376.79688 1648.98438 0 -1 707190 4 
noOPTF pcb442 2D 0.20000 0.04000 442  - 245.52325 167.69974 99.99832 31.69700 56.09904 1206277 1206276 14400.53125 2763.09375 2265.37500 1110126 -1 466314 4 
noOPTF pcb442 2D 0.30000 0.06000 442  - 194.04550 158.19394 99.99842 18.47585 45.67031 844605 844604 14400.18750 1002.43750 767.68750 555639 -1 385629 4 
noOPTF pcb442 2D 0.40000 0.08000 442  - 165.70543 146.98339 99.99853 11.29839 37.79513 761828 761827 14400.20312 633.42188 518.25000 157770 -1 278659 4 
noOPTF pcb442 2D 0.50000 0.10000 442 147.24441 144.22778 136.66114 7.18755 5.24631 30.14851 674101 674100 14400.39062 439.31250 360.93750 17731 -1 181841 4 
noOPTF pcb442 2D 0.60000 0.12000 442  - 132.34048 125.92100 99.99874 4.85073 25.62201 731660 731659 14400.50000 542.29688 456.62500 16242 -1 199123 4 
noOPTF pcb442 2D 0.70000 0.14000 442  - 118.47205 117.21290 99.99883 1.06282 18.85311 670793 670792 14400.39062 478.85938 423.76562 239971 -1 101638 4 
noOPTF rat195 2D 0.10000 0.01959 195 158.78519 158.78519 104.67446 34.07795 100.00000 57.06563 1001713 1001712 14400.15625 1220.75000 992.40625 0 -1 611527 4 
noOPTF rat195 2D 0.20000 0.03919 195  - 120.86638 94.74849 99.99905 21.60890 45.05430 1117029 1117028 14400.49427 1342.87125 1217.67815 429157 -1 387916 4 
noOPTF rat195 2D 0.30000 0.05878 195  - 92.98090 85.05419 99.99915 8.52510 30.45936 940411 940410 14400.23028 878.44000 808.64121 816734 -1 144044 4 
noOPTF rat195 2D 0.40000 0.07837 195  - 76.72207 75.89454 99.99924 1.07861 17.99001 917575 917574 14400.00310 876.89003 840.35447 286494 -1 55275 4 
noOPTF rd400 2D 0.10000 0.01996 400 1033.41434 1033.41434 538.70234 47.87160 100.00000 71.08943 1076017 1076016 13560.60683 2178.33249 1346.58151 0 -1 820826 4 
noOPTF rd400 2D 0.20000 0.03992 400  - 887.79580 507.49864 99.99493 42.83611 67.10060 1142130 1142129 12495.77923 2891.69198 2376.86653 293384 -1 639163 4 
noOPTF rd400 2D 0.30000 0.05988 400  - 666.49925 484.40824 99.99516 27.32051 57.17684 1146271 1146270 14400.03684 1920.95337 1614.25186 504684 -1 532965 4 
noOPTF rd400 2D 0.40000 0.07984 400  - 535.25500 456.63741 99.99543 14.68788 47.91711 1012636 1012635 14400.08837 1285.85451 1113.38120 796952 -1 272860 4 
noOPTF rd400 2D 0.50000 0.09980 400 466.10166 455.52304 428.84806 7.99259 5.85590 40.25314 788962 788961 14400.39792 629.30922 557.14260 165293 -1 163729 4 
noOPTF rd400 2D 0.60000 0.11976 400  - 403.97696 399.26417 99.99601 1.16660 34.26107 781094 781093 14400.30551 686.72530 632.11374 71141 -1 72517 4 

