OPTF CETSP-100-1 2D 1.00000 0.06262 101 999.00000 54.20620 54.20621 43.12132 2368427 2368426 4815.27867 4774.52805 4166.81158 2366480 -1 2234123 4 
OPTF CETSP-100-10 2D 1.00000 0.06259 101 999.00000 52.92463 52.92463 38.56255 334471 334470 630.60630 626.09767 555.95727 334252 -1 305528 4 
OPTF CETSP-100-2 2D 1.00000 0.06264 101 999.00000 51.70368 51.70371 38.10885 126492 126491 261.36973 259.76909 235.35949 120573 -1 110987 4 
OPTF CETSP-100-3 2D 1.00000 0.06354 101 999.00000 50.64950 50.64954 38.77927 90468 90467 159.20306 158.08325 137.88178 90459 -1 82893 4 
OPTF CETSP-100-5 2D 1.00000 0.06366 101 999.00000 49.41207 49.41207 28.36883 404129 404128 780.13812 774.76616 679.86076 401699 -1 376538 4 
OPTF CETSP-100-6 2D 1.00000 0.06274 101 999.00000 52.38773 52.38773 37.47704 1104488 1104487 2668.33558 2655.62856 2435.04987 1103214 -1 737531 4 
OPTF CETSP-100-7 2D 1.00000 0.06258 101 999.00000 52.38831 52.38830 35.02831 808561 808560 1617.53470 1601.08904 1425.24937 806434 -1 750483 4 
OPTF CETSP-100-8 2D 1.00000 0.06453 101 999.00000 50.44262 50.44262 40.07182 174361 174360 341.93460 338.73012 300.75020 174254 -1 163066 4 
OPTF CETSP-100-9 2D 1.00000 0.06265 101 999.00000 51.46308 51.46308 31.28055 363325 363324 785.55675 778.08048 682.87575 362611 -1 341243 4 
OPTF CETSP-50-1 2D 0.25000 0.01566 51 999.00000 63.64965 63.64966 48.12946 670525 670524 1097.35227 1089.45930 949.23807 669350 -1 622828 4 
OPTF CETSP-50-1 2D 0.50000 0.03131 51 999.00000 56.42891 56.42903 43.11766 58302 58301 89.88267 89.23350 79.64258 58237 -1 53870 4 
OPTF CETSP-50-1 2D 1.00000 0.06262 51 999.00000 46.30989 46.31025 34.62699 1984 1983 2.83248 2.78155 2.53757 1943 -1 1658 4 
OPTF CETSP-50-10 2D 0.25000 0.01568 51 999.00000 64.09497 64.09496 39.99946 642263 642262 981.84256 974.76433 850.68205 642125 -1 595970 4 
OPTF CETSP-50-10 2D 0.50000 0.03136 51 999.00000 57.41442 57.41456 34.37990 93061 93060 145.42512 144.40043 129.23213 92977 -1 85823 4 
OPTF CETSP-50-10 2D 1.00000 0.06272 51 999.00000 47.34606 47.34621 23.70641 6206 6205 8.60539 8.54211 7.82937 6161 -1 5386 4 
OPTF CETSP-50-2 2D 0.25000 0.01703 51 999.00000 58.09310 58.09310 47.70901 4984515 4984514 8708.57086 8639.64370 7630.41381 4980906 -1 4680151 4 
OPTF CETSP-50-2 2D 0.50000 0.03405 51 999.00000 50.81517 50.81517 42.00042 350023 350022 584.30957 580.74724 528.38783 349793 -1 327151 4 
OPTF CETSP-50-2 2D 1.00000 0.06810 51 999.00000 39.82898 39.83242 30.51848 3067 3066 4.37303 4.33152 4.00302 2779 -1 1614 4 
OPTF CETSP-50-3 2D 0.25000 0.01692 51 999.00000 59.03200 59.03202 45.07963 808390 808389 1251.13980 1241.70937 1079.57294 808063 -1 749295 4 
OPTF CETSP-50-3 2D 0.50000 0.03383 51 999.00000 52.70682 52.70689 39.99254 167418 167417 260.34358 258.30887 230.30813 167217 -1 154524 4 
OPTF CETSP-50-3 2D 1.00000 0.06766 51 999.00000 42.29051 42.29057 28.93375 7626 7625 10.35986 10.27686 9.41646 7615 -1 6893 4 
OPTF CETSP-50-4 2D 0.25000 0.01586 51 999.00000 62.83531 62.83531 47.66064 1428723 1428722 2371.85186 2353.60140 2072.60214 1419640 -1 1326909 4 
OPTF CETSP-50-4 2D 0.50000 0.03172 51 999.00000 54.81919 54.81928 41.58531 63350 63349 91.76936 91.21335 81.22689 62567 -1 57583 4 
OPTF CETSP-50-4 2D 1.00000 0.06345 51 999.00000 43.92481 43.92612 31.01065 2365 2364 3.08303 3.02982 2.73908 2357 -1 2119 4 
OPTF CETSP-50-5 2D 0.25000 0.01569 51 999.00000 59.34846 59.34845 37.92667 708304 708303 1371.06771 1364.16299 1236.59824 657901 -1 620780 4 
OPTF CETSP-50-5 2D 0.50000 0.03138 51 999.00000 52.42264 52.42284 31.46052 16663 16662 24.72054 24.56804 22.26492 15784 -1 14488 4 
OPTF CETSP-50-5 2D 1.00000 0.06277 51 999.00000 43.73320 43.74612 21.98549 1249 1248 1.71401 1.69115 1.52506 1189 -1 811 4 
OPTF CETSP-50-6 2D 0.25000 0.01585 51 999.00000 58.21996 58.22008 36.69706 159711 159710 241.13259 239.52457 210.39144 159569 -1 147403 4 
OPTF CETSP-50-6 2D 0.50000 0.03170 51 999.00000 51.82477 51.82495 30.60977 22879 22878 31.79939 31.58436 28.25882 22808 -1 20921 4 
OPTF CETSP-50-6 2D 1.00000 0.06339 51 999.00000 43.09692 43.09807 20.67923 2942 2941 3.97915 3.92307 3.60972 2917 -1 2521 4 
OPTF CETSP-50-7 2D 0.25000 0.01575 51 999.00000 59.90504 59.90509 42.27816 213258 213257 352.08731 350.10654 310.27957 211553 -1 197373 4 
OPTF CETSP-50-7 2D 0.50000 0.03149 51 999.00000 52.54394 52.54412 35.94366 16625 16624 26.37980 26.23088 23.95361 16573 -1 14186 4 
OPTF CETSP-50-7 2D 1.00000 0.06298 51 999.00000 43.14440 43.16527 26.23313 1003 1002 1.38427 1.34002 1.19602 979 -1 873 4 
OPTF CETSP-50-8 2D 0.25000 0.01566 51 999.00000 59.26431 59.26437 47.48087 203155 203154 332.90068 330.97849 294.40785 202742 -1 189097 4 
OPTF CETSP-50-8 2D 0.50000 0.03131 51 999.00000 51.69274 51.69324 41.54591 11138 11137 14.89168 14.78128 13.20569 11107 -1 10122 4 
OPTF CETSP-50-8 2D 1.00000 0.06263 51 999.00000 42.47589 42.47895 33.12259 1306 1305 1.66754 1.62148 1.47107 1242 -1 1113 4 
OPTF CETSP-50-9 2D 0.50000 0.03175 51 999.00000 56.56380 56.56382 46.93684 674568 674567 1163.96449 1157.25212 1045.46485 671006 -1 628359 4 
OPTF CETSP-50-9 2D 1.00000 0.06350 51 999.00000 44.73312 44.73521 36.84850 9304 9303 13.10252 12.99709 11.88321 9206 -1 7768 4 
