noOPTF CETSP-100-1 2D 0.25000 0.01566 101 999.00000 999.00000 69.43393 93.04966 100.00000 96.62610 3854585 3854584 7309.43808 7270.82058 5463.18574 0 -1 3593717 4 
noOPTF CETSP-100-1 2D 0.50000 0.03131 101 999.00000 999.00000 64.24841 93.56873 100.00000 96.72220 3050451 3050450 5895.35662 5866.19845 4711.09795 0 -1 2854073 4 
noOPTF CETSP-100-10 2D 0.25000 0.01565 101 999.00000 999.00000 70.12845 92.98014 100.00000 96.46575 3700464 3700463 6908.18237 6872.80141 5247.92821 0 -1 3451542 4 
noOPTF CETSP-100-10 2D 0.50000 0.03129 101 999.00000 999.00000 64.83016 93.51049 100.00000 96.55906 2873563 2873562 5761.38098 5733.63393 4662.40784 0 -1 2690210 4 
noOPTF CETSP-100-2 2D 0.25000 0.01566 101 999.00000 999.00000 69.86137 93.00687 100.00000 96.49666 3663255 3663254 6950.06001 6912.93849 5275.58307 0 -1 3412758 4 
noOPTF CETSP-100-2 2D 0.50000 0.03132 101 999.00000 999.00000 64.40657 93.55290 100.00000 96.59671 2761211 2761210 5406.40648 5379.86445 4415.67296 0 -1 2585633 4 
noOPTF CETSP-100-3 2D 0.25000 0.01588 101 999.00000 999.00000 68.54147 93.13899 100.00000 96.61529 3601029 3601028 6544.53268 6509.34970 5014.72678 0 -1 3349714 4 
noOPTF CETSP-100-3 2D 0.50000 0.03177 101 999.00000 999.00000 63.22103 93.67157 100.00000 96.70905 2774341 2774340 5112.16788 5084.90224 4144.61441 0 -1 2588973 4 
noOPTF CETSP-100-4 2D 0.25000 0.01582 101 999.00000 999.00000 65.37152 93.45630 100.00000 96.55799 3729023 3729022 6923.95348 6887.27092 5210.43259 0 -1 3475652 4 
noOPTF CETSP-100-4 2D 0.50000 0.03165 101 999.00000 999.00000 59.87419 94.00659 100.00000 96.65505 2897160 2897159 5710.33246 5682.06403 4610.60945 0 -1 2715029 4 
noOPTF CETSP-100-4 2D 1.00000 0.06329 101 999.00000 999.00000 49.22345 95.07273 100.00000 96.84888 2500158 2500157 5650.52387 5629.80808 5052.96916 0 -1 2383953 4 
noOPTF CETSP-100-5 2D 0.25000 0.01591 101 999.00000 999.00000 65.40335 93.45312 100.00000 96.22113 3580953 3580952 6634.93982 6600.99262 5106.68131 0 -1 3333889 4 
noOPTF CETSP-100-5 2D 0.50000 0.03183 101 999.00000 999.00000 60.34122 93.95984 100.00000 96.30012 2813214 2813213 5259.67055 5231.85321 4284.79537 0 -1 2627530 4 
noOPTF CETSP-100-6 2D 0.25000 0.01569 101 999.00000 999.00000 70.14250 92.97873 100.00000 96.44645 3571813 3571812 6737.35179 6702.99204 5165.55782 0 -1 3336012 4 
noOPTF CETSP-100-6 2D 0.50000 0.03137 101 999.00000 999.00000 64.41105 93.55245 100.00000 96.53836 2820648 2820647 5961.40467 5811.81254 4732.10858 0 -1 2649347 4 
noOPTF CETSP-100-7 2D 0.25000 0.01565 101 999.00000 999.00000 69.36510 93.05655 100.00000 96.31686 3831689 3831688 7613.49709 7570.59165 5675.63173 0 -1 3570693 4 
noOPTF CETSP-100-7 2D 0.50000 0.03129 101 999.00000 999.00000 63.91141 93.60246 100.00000 96.40904 2964241 2964240 6042.29368 6010.21113 4840.34795 0 -1 2771067 4 
noOPTF CETSP-100-8 2D 0.25000 0.01613 101 999.00000 999.00000 68.30573 93.16259 100.00000 96.69710 3571625 3571624 6952.37767 6913.69179 5318.54217 0 -1 3328341 4 
noOPTF CETSP-100-8 2D 0.50000 0.03226 101 999.00000 999.00000 62.70190 93.72353 100.00000 96.78962 2747938 2747937 5592.69556 5565.21073 4547.64185 0 -1 2573558 4 
noOPTF CETSP-100-9 2D 0.25000 0.01566 101 999.00000 999.00000 68.02421 93.19077 100.00000 96.21843 3748978 3748977 7200.34416 7158.18540 5440.62309 0 -1 3489157 4 
noOPTF CETSP-100-9 2D 0.50000 0.03132 101 999.00000 999.00000 62.73379 93.72034 100.00000 96.30314 2991109 2991108 5709.35825 5676.43542 4581.82075 0 -1 2796912 4 
noOPTF CETSP-150-1 2D 0.25000 0.01571 151 999.00000 999.00000 71.33650 92.85921 100.00000 96.54347 2440141 2440140 5041.65394 5019.07578 3328.63538 0 -1 2267373 4 
noOPTF CETSP-150-1 2D 0.50000 0.03141 151 999.00000 999.00000 65.50012 93.44343 100.00000 96.63750 2067379 2067378 4458.27438 4436.45886 3229.98952 0 -1 1927107 4 
noOPTF CETSP-150-1 2D 1.00000 0.06282 151 999.00000 999.00000 55.81809 94.41260 100.00000 96.79905 1567581 1567580 3399.77829 3385.20991 2858.40080 0 -1 1477713 4 
noOPTF CETSP-150-10 2D 0.25000 0.01593 151 999.00000 999.00000 67.46575 93.24667 100.00000 96.72716 2503809 2503808 5181.71761 5155.88999 3363.68432 0 -1 2327561 4 
noOPTF CETSP-150-10 2D 0.50000 0.03185 151 999.00000 999.00000 62.17659 93.77612 100.00000 96.82018 2063030 2063029 4462.26729 4437.99328 3229.31302 0 -1 1926980 4 
noOPTF CETSP-150-10 2D 1.00000 0.06370 151 999.00000 999.00000 51.48901 94.84594 100.00000 97.00530 1560624 1560623 3573.71761 3559.11255 3059.25650 0 -1 1483135 4 
noOPTF CETSP-150-2 2D 0.25000 0.01572 151 999.00000 999.00000 70.32392 92.96057 100.00000 96.15725 2279688 2279687 4422.24475 4407.56093 2969.89423 0 -1 2119755 4 
noOPTF CETSP-150-2 2D 0.50000 0.03145 151 999.00000 999.00000 65.30501 93.46296 100.00000 96.23600 2068282 2068281 3901.97266 3888.16625 2883.48537 0 -1 1929023 4 
noOPTF CETSP-150-2 2D 1.00000 0.06289 151 999.00000 999.00000 55.31131 94.46333 100.00000 96.39255 1564504 1564503 2949.48562 2939.69007 2492.41619 0 -1 1471526 4 
noOPTF CETSP-150-3 2D 0.25000 0.01578 151 999.00000 999.00000 66.77485 93.31583 100.00000 96.51447 2446510 2446509 4880.67426 4863.66679 3213.07555 0 -1 2273223 4 
noOPTF CETSP-150-3 2D 0.50000 0.03156 151 999.00000 999.00000 61.70404 93.82342 100.00000 96.60337 2071623 2071622 4040.85332 4027.17210 2909.39401 0 -1 1931613 4 
noOPTF CETSP-150-3 2D 1.00000 0.06312 151 999.00000 999.00000 52.15197 94.77958 100.00000 96.78014 1574003 1574002 3088.53279 3078.42616 2554.83687 0 -1 1481471 4 
noOPTF CETSP-150-4 2D 0.25000 0.01576 151 999.00000 999.00000 70.50361 92.94258 100.00000 96.55407 2337894 2337893 4525.11104 4508.67219 3013.25373 0 -1 2169900 4 
noOPTF CETSP-150-4 2D 0.50000 0.03152 151 999.00000 999.00000 65.63297 93.43013 100.00000 96.64620 2083548 2083547 3959.33009 3945.80658 2885.83744 0 -1 1940872 4 
noOPTF CETSP-150-4 2D 1.00000 0.06303 151 999.00000 999.00000 55.59169 94.43527 100.00000 96.82956 1576580 1576579 3102.08405 3092.88753 2581.96335 0 -1 1485176 4 
noOPTF CETSP-150-5 2D 0.25000 0.01564 151 999.00000 999.00000 70.13110 92.97987 100.00000 95.99731 2362265 2362264 4553.00663 4537.43041 3050.40950 0 -1 2191089 4 
noOPTF CETSP-150-5 2D 0.50000 0.03128 151 999.00000 999.00000 65.26787 93.46668 100.00000 96.07677 2090546 2090545 3944.36090 3930.18861 2895.54242 0 -1 1944978 4 
noOPTF CETSP-150-5 2D 1.00000 0.06257 151 999.00000 999.00000 55.54079 94.44036 100.00000 96.23476 1572859 1572858 2936.00336 2925.64519 2443.86070 0 -1 1475200 4 
noOPTF CETSP-150-6 2D 0.25000 0.01582 151 999.00000 999.00000 69.64393 93.02864 100.00000 96.00352 2468826 2468825 4845.61458 4829.09240 3238.18095 0 -1 2291264 4 
noOPTF CETSP-150-6 2D 0.50000 0.03165 151 999.00000 999.00000 64.93923 93.49958 100.00000 96.08713 2046935 2046934 3851.82830 3838.27428 2773.92999 0 -1 1902163 4 
noOPTF CETSP-150-6 2D 1.00000 0.06330 151 999.00000 999.00000 55.59970 94.43446 100.00000 96.25294 1582579 1582578 2973.72866 2964.06395 2436.75607 0 -1 1483487 4 
noOPTF CETSP-150-7 2D 0.25000 0.01578 151 999.00000 999.00000 68.67634 93.12549 100.00000 96.35539 2399549 2399548 4755.42035 4738.26371 3136.98973 0 -1 2231853 4 
noOPTF CETSP-150-7 2D 0.50000 0.03156 151 999.00000 999.00000 63.61933 93.63170 100.00000 96.44600 2078900 2078899 4003.73724 3990.22480 2947.32245 0 -1 1939950 4 
noOPTF CETSP-150-7 2D 1.00000 0.06312 151 999.00000 999.00000 53.93533 94.60107 100.00000 96.62633 1562915 1562914 2905.26270 2895.96413 2435.50846 0 -1 1466651 4 
noOPTF CETSP-150-8 2D 0.25000 0.01567 151 999.00000 999.00000 66.77275 93.31604 100.00000 96.17175 2393349 2393348 4726.56133 4709.58894 3175.67529 0 -1 2224991 4 
noOPTF CETSP-150-8 2D 0.50000 0.03134 151 999.00000 999.00000 62.13233 93.78055 100.00000 96.25878 2068784 2068783 3933.37936 3919.47636 2894.00709 0 -1 1926446 4 
noOPTF CETSP-150-8 2D 1.00000 0.06267 151 999.00000 999.00000 52.37596 94.75716 100.00000 96.43178 1565853 1565852 3038.90055 3028.74534 2559.97302 0 -1 1474477 4 
noOPTF CETSP-150-9 2D 0.25000 0.01574 151 999.00000 999.00000 70.10943 92.98204 100.00000 96.58783 2407621 2407620 4780.38838 4764.26775 3175.58826 0 -1 2235440 4 
noOPTF CETSP-150-9 2D 0.50000 0.03147 151 999.00000 999.00000 65.14055 93.47942 100.00000 96.68673 2083274 2083273 4028.67911 4013.70395 2934.98405 0 -1 1939592 4 
noOPTF CETSP-150-9 2D 1.00000 0.06295 151 999.00000 999.00000 55.16771 94.47771 100.00000 96.88429 1566560 1566559 2972.70593 2962.45506 2493.28779 0 -1 1472729 4 
noOPTF CETSP-50-9 2D 0.25000 0.01588 51 999.00000 999.00000 63.91376 93.60223 100.00000 96.90657 6457535 6457534 11338.43296 11281.56879 9900.35722 0 -1 6063441 4 
