noOPTF bonus1000 2D 1.00000 0.12000 1001 387.13000 387.13000 357.57790 7.63364 100.00000 38.14624 649943 649942 1177.15278 1174.23182 907.88950 0 -1 202631 4 
noOPTF bubbles4 2D 1.00000 0.05714 185 805.56000 805.56000 695.31930 13.68498 100.00000 54.02382 2876245 2876244 5509.47233 5499.65925 4890.62523 0 -1 1323065 4 
noOPTF bubbles5 2D 1.00000 0.05405 251 1061.64000 1061.64000 852.75088 19.67608 100.00000 59.78819 1271290 1271289 2462.63285 2455.16236 1808.60983 0 -1 1034895 4 
noOPTF d493rdmRad 2D 1.00000 0.13442 493 134.74000 134.74000 129.62646 3.79511 100.00000 35.33727 1935568 1935567 3533.83653 3528.33930 3253.86304 0 -1 404285 4 
noOPTF lin318rdmRad 2D 1.00000 0.10242 318 2055.77000 2055.77000 1868.93447 9.08835 100.00000 48.67912 1682881 1682880 2606.34046 2598.82170 2208.75876 0 -1 708870 4 
noOPTF pcb442rdmRad 2D 1.00000 0.09393 442 220.44000 220.44000 178.50290 19.02427 100.00000 55.09994 661549 661548 972.50237 968.27577 599.75972 0 -1 530407 4 
noOPTF rd400rdmRad 2D 1.00000 0.00990 400 1252.22000 1252.22000 588.88206 52.97296 100.00000 75.77618 1071336 1071335 2856.18455 2847.88915 1211.67209 0 -1 987277 4 
noOPTF team2_200rdmRad 2D 1.00000 0.05176 201 616.82000 616.82000 513.89538 16.68633 100.00000 62.12427 1701674 1701673 2879.53640 2869.46447 2144.18508 0 -1 1261329 4 
noOPTF pcb442 2D 0.50000 0.10000 442 146.03000 146.03000 137.36342 5.93479 100.00000 31.01058 1276595 1276594 2198.29095 2194.08028 1898.44217 0 -1 451359 4 
noOPTF rd400 2D 0.50000 0.09980 400 460.21000 460.21000 433.71866 5.75636 100.00000 40.86162 1795272 1795271 3160.29603 3153.93454 2749.82525 0 -1 583348 4 
