noOPTF d493 2D 0.10000 0.02000 493 202.79343 202.79343 145.96804 28.02132 100.00000 50.24055 728704 728703 2281.72211 2277.49309 832.52775 0 -1 672196 4 
noOPTF d493 2D 0.20000 0.04000 493  - 10000001.00000 133.29757 99.99867 100.00000 99.99901 575548 575547 1691.86155 1688.56702 713.51318 0 -1 533076 4 
noOPTF d493 2D 0.30000 0.06000 493  - 10000001.00000 121.17567 99.99879 100.00000 99.99904 456645 456644 1295.58820 1293.10360 603.49832 0 -1 424728 4 
noOPTF d493 2D 0.40000 0.08000 493  - 10000001.00000 110.19549 99.99890 100.00000 99.99906 425297 425296 1528.22045 1526.06676 732.58091 0 -1 402345 4 
noOPTF dsj1000 2D 0.10000 0.02215 1000 935.74295 935.74295 554.17911 40.77657 100.00000 67.25615 376272 376271 1813.89845 1811.07489 418.34018 0 -1 346984 4 
noOPTF dsj1000 2D 0.20000 0.04430 1000  - 10000001.00000 508.08644 99.99492 100.00000 99.99702 287361 287360 1210.81356 1208.54260 343.39621 0 -1 266176 4 
noOPTF dsj1000 2D 0.30000 0.06644 1000  - 10000001.00000 462.12017 99.99538 100.00000 99.99710 229499 229498 927.76665 925.93789 312.71370 0 -1 214072 4 
noOPTF dsj1000 2D 0.40000 0.08859 1000  - 10000001.00000 415.72857 99.99584 100.00000 99.99719 212479 212478 852.05109 850.43623 342.43120 0 -1 200574 4 
noOPTF kroD100 2D 0.10000 0.01976 100 159.03800 159.03800 146.50039 7.88340 100.00000 44.34446 9021145 9021144 14400.03153 14374.94212 12777.39622 0 -1 2960628 4 
noOPTF kroD100 2D 0.20000 0.03952 100  - 10000001.00000 127.22450 99.99873 100.00000 99.99914 2630963 2630962 5296.53398 5281.93054 4381.39369 0 -1 2487785 4 
noOPTF lin318 2D 0.10000 0.02039 318 2842.32000 2842.32000 1998.34306 29.69324 100.00000 60.31532 1125178 1125177 2850.10183 2843.99914 1182.47733 0 -1 1042255 4 
noOPTF lin318 2D 0.20000 0.04078 318  - 10000001.00000 1836.76344 99.98163 100.00000 99.98899 978114 978113 2374.71344 2369.34462 1161.09428 0 -1 909457 4 
noOPTF lin318 2D 0.30000 0.06117 318  - 10000001.00000 1679.81837 99.98320 100.00000 99.98926 793590 793589 1907.35166 1903.32629 1038.20721 0 -1 740725 4 
noOPTF lin318 2D 0.40000 0.08156 318  - 10000001.00000 1535.86323 99.98464 100.00000 99.98953 750475 750474 1741.37659 1737.84689 1059.27515 0 -1 703042 4 
noOPTF pcb442 2D 0.10000 0.02000 442 323.03367 323.03367 186.24047 42.34642 100.00000 65.89691 945485 945484 2836.96822 2831.53975 1042.58679 0 -1 871721 4 
noOPTF pcb442 2D 0.20000 0.04000 442  - 10000001.00000 172.39632 99.99828 100.00000 99.99892 677417 677416 1903.06828 1899.14322 785.81221 0 -1 625307 4 
noOPTF pcb442 2D 0.30000 0.06000 442  - 10000001.00000 159.58668 99.99840 100.00000 99.99895 631209 631208 1650.70748 1647.15783 761.81271 0 -1 584395 4 
noOPTF pcb442 2D 0.40000 0.08000 442  - 10000001.00000 147.29902 99.99853 100.00000 99.99897 559052 559051 1440.66663 1437.70301 693.90668 0 -1 519032 4 
noOPTF pcb442 2D 0.50000 0.10000 442 147.24441 147.24441 137.28699 6.76251 100.00000 31.57958 1186705 1186704 2341.24659 2337.88886 1598.74063 0 -1 454212 4 
noOPTF pcb442 2D 0.60000 0.12000 442  - 10000001.00000 125.93679 99.99874 100.00000 99.99902 471501 471500 1211.98893 1209.85935 658.03839 0 -1 440458 4 
noOPTF pcb442 2D 0.70000 0.14000 442  - 10000001.00000 116.85872 99.99883 100.00000 99.99904 465849 465848 1192.27803 1190.20668 655.43208 0 -1 434833 4 
noOPTF rat195 2D 0.10000 0.01959 195 158.78519 158.78519 109.04280 31.32684 100.00000 57.06563 1794212 1794211 3841.55959 3831.64795 2144.08353 0 -1 1667957 4 
noOPTF rat195 2D 0.20000 0.03919 195  - 10000001.00000 97.40213 99.99903 100.00000 99.99934 1403421 1403420 2964.62547 2957.18193 1861.37496 0 -1 1310988 4 
noOPTF rat195 2D 0.30000 0.05878 195  - 10000001.00000 86.20996 99.99914 100.00000 99.99935 1273730 1273729 2669.70644 2663.39850 1840.34319 0 -1 1194684 4 
noOPTF rat195 2D 0.40000 0.07837 195  - 10000001.00000 75.92157 99.99924 100.00000 99.99937 1219750 1219749 2658.76953 2653.05256 1943.56793 0 -1 1151349 4 
noOPTF rd400 2D 0.10000 0.01996 400 1033.41434 1033.41434 568.90078 44.94940 100.00000 71.08943 1036460 1036459 2986.97342 2981.05855 1090.25597 0 -1 956641 4 
noOPTF rd400 2D 0.20000 0.03992 400  - 10000001.00000 530.59665 99.99469 100.00000 99.99708 799379 799378 2166.67592 2162.15016 890.18533 0 -1 739035 4 
noOPTF rd400 2D 0.30000 0.05988 400  - 10000001.00000 496.00567 99.99504 100.00000 99.99715 704473 704472 1859.89690 1855.92004 831.10944 0 -1 652711 4 
noOPTF rd400 2D 0.40000 0.07984 400  - 10000001.00000 462.26149 99.99538 100.00000 99.99721 665752 665751 1690.21110 1686.62947 826.13399 0 -1 618218 4 
noOPTF rd400 2D 0.50000 0.09980 400 466.10166 466.10166 433.23163 7.05212 100.00000 41.60915 1595782 1595781 3103.73876 3099.07176 2202.77632 0 -1 586236 4 
noOPTF rd400 2D 0.60000 0.11976 400  - 10000001.00000 396.44298 99.99604 100.00000 99.99734 545031 545030 1386.19974 1383.60075 777.63842 0 -1 508988 4 
noOPTF rd400 2D 0.70000 0.13972 400  - 10000001.00000 365.65137 99.99634 100.00000 99.99741 500723 500722 1428.30952 1426.01172 828.33169 0 -1 471820 4 
