OPTF d493 2D 0.50000 0.10000 493 101.73460 100.72082 100.72136 9.07265 8340 8339 12.51633 12.23521 10.16200 8161 -1 988 4 
OPTF d493 2D 0.60000 0.12000 493  - 94.42492 94.42592 5.44664 649 648 1.23988 0.97685 0.63202 525 -1 341 4 
OPTF d493 2D 0.70000 0.14000 493  - 90.01433 90.09141 3.35525 103 102 0.38799 0.13100 0.08289 90 -1 58 4 
OPTF d493 2D 0.80000 0.16000 493  - 86.93246 86.94179 2.54529 26 25 0.28692 0.02655 0.01716 19 -1 16 4 
OPTF d493 2D 0.90000 0.18000 493  - 84.37521 84.39339 2.27063 13 12 0.27356 0.01215 0.00767 11 -1 7 4 
OPTF d493 2D 1.00000 0.20000 493  - 81.85936 81.86311 2.01077 13 12 0.26726 0.00783 0.00506 11 -1 7 4 
OPTF d493 2D 1.10000 0.22000 493  - 79.38109 0.00000 1.76212 4 3 0.26341 0.00191 0.00187 1 -1 1 4 
OPTF d493 2D 1.20000 0.24000 493  - 76.93393 0.00000 1.51708 4 3 0.25380 0.00195 0.00193 1 -1 1 4 
OPTF d493 2D 1.30000 0.26000 493  - 74.51316 0.00000 1.26918 4 3 0.26310 0.00190 0.00194 1 -1 1 4 
OPTF d493 2D 1.40000 0.28000 493  - 72.12037 0.00000 1.01963 4 3 0.26494 0.00192 0.00202 1 -1 1 4 
OPTF d493 2D 1.50000 0.30000 493 69.75773 69.75773 0.00000 0.77047 4 3 0.26383 0.00163 0.00196 0 -1 1 4 
OPTF dsj1000 2D 0.50000 0.11074 1000 376.09882 373.75928 373.75941 26.99957 837079 837078 2123.76393 2117.60357 1774.35990 827111 -1 74533 4 
OPTF dsj1000 2D 0.60000 0.13289 1000  - 336.34488 336.34488 21.34991 82295 82294 321.30803 317.12240 149.74350 82292 -1 72160 4 
OPTF dsj1000 2D 0.70000 0.15504 1000  - 309.20359 309.20359 17.12309 11985 11984 36.73420 35.80307 18.46061 11970 -1 6406 4 
OPTF dsj1000 2D 0.80000 0.17718 1000  - 285.90345 285.90564 13.25201 2214 2213 5.94231 5.35155 2.58625 2190 -1 1807 4 
OPTF dsj1000 2D 0.90000 0.19933 1000  - 265.27834 265.27904 9.60132 1214 1213 3.10826 2.54980 1.48355 986 -1 742 4 
OPTF dsj1000 2D 1.00000 0.22148 1000  - 251.68077 251.90543 7.96379 230 229 0.84518 0.30508 0.20625 124 -1 106 4 
OPTF dsj1000 2D 1.10000 0.24363 1000  - 239.93539 240.11309 6.84792 276 275 0.91171 0.37454 0.25419 156 -1 136 4 
OPTF dsj1000 2D 1.20000 0.26578 1000  - 228.90616 229.27600 5.89526 289 288 0.93991 0.39509 0.26526 169 -1 147 4 
OPTF dsj1000 2D 1.30000 0.28792 1000  - 218.80188 231.33338 5.22973 102 101 0.65781 0.11741 0.07830 75 -1 31 4 
OPTF dsj1000 2D 1.40000 0.31007 1000  - 209.26036 223.67215 4.73634 18 17 0.54846 0.01606 0.01121 8 -1 7 4 
OPTF dsj1000 2D 1.50000 0.33222 1000 199.94784 199.94784 0.00000 4.28355 18 17 0.55861 0.01320 0.01132 0 -1 3 4 
OPTF kroD100 2D 0.30000 0.05929 100  - 109.35425 109.35454 23.43727 259470 259469 513.93208 511.92855 437.80843 257902 -1 243954 4 
OPTF kroD100 2D 0.40000 0.07905 100  - 96.89527 96.89603 16.03943 5499 5498 8.97478 8.88184 7.62266 5336 -1 4938 4 
OPTF kroD100 2D 0.50000 0.09881 100 89.66791 89.66791 0.00000 11.89749 799 798 0.84733 0.79668 0.76978 0 -1 28 4 
OPTF kroD100 2D 0.60000 0.11857 100  - 85.25724 85.26960 10.08050 416 415 0.46312 0.40887 0.36614 238 -1 201 4 
OPTF kroD100 2D 0.70000 0.13833 100  - 81.67149 81.67534 8.97162 13 12 0.05837 0.00826 0.00730 11 -1 7 4 
OPTF kroD100 2D 0.80000 0.15809 100  - 78.55212 81.63386 8.28432 18 17 0.06569 0.01152 0.01050 11 -1 7 4 
OPTF kroD100 2D 0.90000 0.17786 100  - 75.51015 78.07633 7.60842 18 17 0.06542 0.01117 0.01045 8 -1 7 4 
OPTF kroD100 2D 1.00000 0.19762 100  - 72.54124 74.59328 6.94032 8 7 0.05971 0.00468 0.00444 6 -1 4 4 
OPTF kroD100 2D 1.10000 0.21738 100  - 69.62674 71.19324 6.25611 8 7 0.05924 0.00454 0.00428 6 -1 4 4 
OPTF kroD100 2D 1.20000 0.23714 100  - 66.76600 0.00000 5.55205 4 3 0.05659 0.00176 0.00199 1 -1 1 4 
OPTF kroD100 2D 1.30000 0.25690 100  - 63.96157 0.00000 4.82806 4 3 0.05654 0.00172 0.00198 1 -1 1 4 
OPTF kroD100 2D 1.40000 0.27666 100  - 61.21753 0.00000 4.08592 4 3 0.05081 0.00161 0.00189 1 -1 1 4 
OPTF kroD100 2D 1.50000 0.29643 100 58.54121 58.54121 0.00000 3.33232 4 3 0.05548 0.00155 0.00189 0 -1 1 4 
OPTF lin318 2D 0.50000 0.10195 318 1408.48207 1394.62615 1394.62692 26.83311 1118667 1118666 2038.74798 2034.52497 1814.15727 1117888 -1 129652 4 
OPTF lin318 2D 0.60000 0.12234 318  - 1249.00838 1249.01011 20.43286 190476 190475 467.38987 465.25762 332.77283 146636 -1 137741 4 
OPTF lin318 2D 0.70000 0.14273 318  - 1131.28826 1131.29305 14.49429 45977 45976 106.33810 105.47711 72.07856 41313 -1 26420 4 
OPTF lin318 2D 0.80000 0.16312 318  - 1039.72146 1039.72351 9.49930 10090 10089 17.61371 17.38298 14.27635 7118 -1 2374 4 
OPTF lin318 2D 0.90000 0.18351 318  - 978.27006 978.45064 6.49608 26 25 0.18929 0.02348 0.01710 20 -1 16 4 
OPTF lin318 2D 1.00000 0.20390 318  - 937.83800 958.54238 5.24841 8 7 0.18183 0.00601 0.00432 7 -1 4 4 
OPTF lin318 2D 1.10000 0.22429 318  - 900.49524 920.47683 4.20324 8 7 0.18209 0.00599 0.00443 7 -1 4 4 
OPTF lin318 2D 1.20000 0.24468 318  - 864.44716 883.24521 3.19696 8 7 0.18252 0.00609 0.00461 7 -1 4 4 
OPTF lin318 2D 1.30000 0.26507 318  - 829.85396 846.95726 2.25780 8 7 0.18318 0.00606 0.00462 7 -1 4 4 
OPTF lin318 2D 1.40000 0.28545 318  - 796.92488 811.74332 1.42501 8 7 0.17850 0.00609 0.00476 7 -1 4 4 
OPTF lin318 2D 1.50000 0.30584 318 765.96407 765.96407 0.00000 0.75667 8 7 0.17814 0.00447 0.00453 0 -1 2 4 
OPTF pcb442 2D 0.80000 0.16000 442  - 108.82416 108.82421 13.75226 459944 459943 1091.22083 1083.59484 763.99896 281031 -1 263109 4 
OPTF pcb442 2D 0.90000 0.18000 442  - 102.31592 102.31592 10.47435 942047 942046 1652.85729 1649.63218 1488.11581 841396 -1 32330 4 
OPTF pcb442 2D 1.00000 0.20000 442  - 97.99430 98.00860 8.81191 216 215 0.46717 0.23306 0.18107 181 -1 84 4 
OPTF pcb442 2D 1.10000 0.22000 442  - 94.64571 94.64872 7.93060 30 29 0.25395 0.02699 0.01869 21 -1 15 4 
OPTF pcb442 2D 1.20000 0.24000 442  - 91.77774 0.00000 7.44830 4 3 0.24093 0.00188 0.00192 1 -1 1 4 
OPTF pcb442 2D 1.30000 0.26000 442  - 88.99432 0.00000 6.99783 4 3 0.23701 0.00183 0.00190 1 -1 1 4 
OPTF pcb442 2D 1.40000 0.28000 442  - 86.24676 0.00000 6.52941 4 3 0.23404 0.00192 0.00153 1 -1 1 4 
OPTF pcb442 2D 1.50000 0.30000 442 83.53733 83.53733 0.00000 6.04280 4 3 0.23312 0.00156 0.00188 0 -1 1 4 
OPTF rat195 2D 0.50000 0.09797 195 68.08302 67.99089 67.99111 9.99955 4736 4735 5.93688 5.83510 5.46860 4594 -1 362 4 
OPTF rat195 2D 0.60000 0.11756 195  - 64.89911 64.90956 8.35454 31 30 0.12263 0.02084 0.01687 27 -1 16 4 
OPTF rat195 2D 0.70000 0.13715 195  - 62.53784 0.00000 7.61546 4 3 0.10271 0.00165 0.00180 1 -1 1 4 
OPTF rat195 2D 0.80000 0.15675 195  - 60.29309 0.00000 6.97540 4 3 0.09860 0.00170 0.00184 1 -1 1 4 
OPTF rat195 2D 0.90000 0.17634 195  - 58.08131 0.00000 6.31373 4 3 0.10393 0.00166 0.00180 1 -1 1 4 
OPTF rat195 2D 1.00000 0.19593 195  - 55.90521 0.00000 5.63202 4 3 0.10515 0.00170 0.00186 1 -1 1 4 
OPTF rat195 2D 1.10000 0.21553 195  - 53.76802 0.00000 4.93290 4 3 0.10216 0.00169 0.00189 1 -1 1 4 
OPTF rat195 2D 1.20000 0.23512 195  - 51.67363 0.00000 4.22045 4 3 0.09931 0.00164 0.00180 1 -1 1 4 
OPTF rat195 2D 1.30000 0.25471 195  - 49.62681 0.00000 3.50086 4 3 0.10742 0.00175 0.00195 1 -1 1 4 
OPTF rat195 2D 1.40000 0.27431 195  - 47.63356 0.00000 2.78327 4 3 0.10467 0.00164 0.00181 1 -1 1 4 
OPTF rat195 2D 1.50000 0.29390 195 45.70165 45.70165 0.00000 2.07235 4 3 0.10502 0.00153 0.00184 0 -1 1 4 
OPTF rd400 2D 0.80000 0.15968 400  - 335.11141 335.11189 24.66195 231351 231350 513.50131 512.15279 443.99359 227257 -1 35588 4 
OPTF rd400 2D 0.90000 0.17964 400  - 306.61873 306.61873 19.78482 3050 3049 6.48722 6.24427 3.90262 3034 -1 2610 4 
OPTF rd400 2D 1.00000 0.19960 400  - 285.99258 285.99431 16.26674 2278 2277 4.63017 4.38953 2.74572 2260 -1 1969 4 
OPTF rd400 2D 1.10000 0.21956 400  - 267.15892 267.17329 12.78011 576 575 1.00868 0.78997 0.62034 489 -1 195 4 
OPTF rd400 2D 1.20000 0.23952 400  - 253.36084 253.38170 10.56631 115 114 0.36063 0.14436 0.10408 96 -1 68 4 
OPTF rd400 2D 1.30000 0.25948 400  - 243.32346 253.28042 9.50541 13 12 0.22355 0.00996 0.00757 8 -1 7 4 
OPTF rd400 2D 1.40000 0.27944 400  - 233.92684 241.26366 8.59088 13 12 0.22664 0.00973 0.00743 8 -1 7 4 
OPTF rd400 2D 1.50000 0.29940 400 224.83865 224.83865 0.00000 7.71221 25 24 0.22190 0.01754 0.01610 0 -1 3 4 
