noOPTF bonus1000rdmRad 2D 1.00000 0.06002 1001 938.27300 938.27300 500.80557 46.62475 100.00000 71.12671 291526 291525 858.39142 856.19530 299.24382 0 -1 266014 4 
noOPTF bonus1000 2D 1.00000 0.12000 1001 402.46952 402.46952 356.22061 11.49128 100.00000 40.50371 493168 493167 907.53288 905.33017 656.25496 0 -1 203169 4 
noOPTF d493rdmRad 2D 1.00000 0.13442 493 135.02000 135.02000 129.55660 4.04636 100.00000 35.47137 1835178 1835177 2975.96875 2971.48438 2729.70312 0 -1 404738 4
noOPTF dsj1000rdmRad 2D 1.00000 0.13808 1000 625.24800 625.24800 532.39889 14.84996 100.00000 54.09890 371116 371115 693.73209 691.62189 463.46620 0 -1 203285 4 
noOPTF lin318rdmRad 2D 1.00000 0.10242 318 2079.49000 2079.49000 1864.66687 10.33057 100.00000 49.26452 1482431 1482430 2253.44873 2248.11816 1873.20521 0 -1 709420 4 
noOPTF pcb442rdmRad 2D 1.00000 0.09393 442 221.16000 221.16000 178.46765 19.30383 100.00000 55.24611 655359 655358 946.91538 943.60599 575.83466 0 -1 530495 4 
noOPTF rd400rdmRad 2D 1.00000 0.00990 400 1252.37994 1252.37994 588.88313 52.97888 100.00000 75.77927 1071396 1071395 2772.93991 2766.82727 1168.94038 0 -1 987333 4 
noOPTF team2_200rdmRad 2D 1.00000 0.05176 201 622.73839 622.73839 513.47010 17.54642 100.00000 62.48424 1634955 1634954 2715.08395 2707.08319 1996.62375 0 -1 1261478 4 
noOPTF team3_300 2D 1.00000 0.07008 301 465.79600 465.79600 453.02583 2.74158 100.00000 47.11584 4734777 4734776 7659.65703 7650.33046 7030.11304 0 -1 751100 4 
noOPTF team4_400rdmRad 2D 1.00000 0.02046 401 1006.71000 1006.71000 571.77901 43.20321 100.00000 68.14415 1049860 1049859 2558.49356 2552.49314 1154.67498 0 -1 966018 4 
noOPTF team4_400 2D 1.00000 0.05009 401 680.21127 680.21127 505.21187 25.72721 100.00000 54.86092 722712 722711 1576.94564 1572.93676 863.76888 0 -1 666558 4 
noOPTF team5_499 2D 1.00000 0.02001 500 702.82300 702.82300 523.57930 25.50339 100.00000 64.76572 742468 742467 2047.24511 2043.02656 894.37363 0 -1 679609 4 
noOPTF team6_500rdmRad 2D 1.00000 0.10008 501 621.98600 621.98600 500.95003 19.45960 100.00000 52.11905 488177 488176 882.51599 879.79517 545.59134 0 -1 427255 4 
