OPTF CETSP-100-1 2D 1.00000 0.06262 101 999.00000 54.20620 54.20620 43.12132 3423052 3423051 8156.46364 8148.83729 7916.89766 1815936 -1 110262 4 
OPTF CETSP-100-10 2D 1.00000 0.06259 101 999.00000 52.92463 52.92463 38.56255 384785 384784 866.42435 865.49618 841.05726 84833 -1 7828 4 
OPTF CETSP-100-2 2D 1.00000 0.06264 101 999.00000 51.70368 51.70368 38.10885 146187 146186 358.31716 358.01320 349.17967 23919 -1 4852 4 
OPTF CETSP-100-3 2D 1.00000 0.06354 101 999.00000 50.64950 50.64950 38.77927 135100 135099 439.92217 439.56704 428.76336 53248 -1 4852 4 
OPTF CETSP-100-4 2D 1.00000 0.06329 101 999.00000 49.27095 49.27095 36.10905 2976789 2976788 6692.65910 6687.51076 6534.19609 263265 -1 41321 4 
OPTF CETSP-100-5 2D 1.00000 0.06366 101 999.00000 49.41207 49.41207 28.36883 436740 436739 885.52796 884.55877 860.27681 82846 -1 8260 4 
OPTF CETSP-100-6 2D 1.00000 0.06274 101 999.00000 52.38773 52.38773 37.47704 1283663 1283662 2995.25241 2992.99025 2921.27354 499783 -1 17786 4 
OPTF CETSP-100-7 2D 1.00000 0.06258 101 999.00000 52.38831 52.38831 35.02831 812750 812749 1448.76347 1447.10961 1404.70061 4977 -1 14400 4 
OPTF CETSP-100-8 2D 1.00000 0.06453 101 999.00000 50.44262 50.44262 40.07182 198331 198330 455.26182 454.82408 442.95062 29876 -1 4852 4 
OPTF CETSP-100-9 2D 1.00000 0.06265 101 999.00000 51.46308 51.46308 31.28055 438571 438570 1045.58853 1044.68355 1019.15864 126216 -1 6966 4 
OPTF CETSP-150-7 2D 1.00000 0.06312 151 999.00000 54.27649 54.27649 37.90508 3439634 3439633 6801.43241 6794.27605 6579.90107 398799 -1 60641 4 
OPTF CETSP-150-8 2D 1.00000 0.06267 151 999.00000 52.50801 52.50801 32.11217 2409132 2409131 5168.49300 5163.83095 5006.73316 321791 -1 36871 4 
OPTF CETSP-50-1 2D 0.25000 0.01566 51 999.00000 63.64965 63.64965 48.12946 690830 690829 941.58797 940.29844 914.92090 49186 -1 15479 4 
OPTF CETSP-50-1 2D 0.50000 0.03131 51 999.00000 56.42891 56.42891 43.11766 70258 70257 116.43008 116.26619 113.54586 17782 -1 1320 4 
OPTF CETSP-50-1 2D 1.00000 0.06262 51 999.00000 46.30989 46.30989 34.62699 4226 4225 9.30024 9.26312 9.02740 2530 -1 1177 4 
OPTF CETSP-50-10 2D 0.25000 0.01568 51 999.00000 64.09497 64.09497 39.99946 648911 648910 862.80024 861.51688 836.77406 12286 -1 15709 4 
OPTF CETSP-50-10 2D 0.50000 0.03136 51 999.00000 57.41442 57.41442 34.37990 101849 101848 145.44749 145.21208 141.43372 19235 -1 2280 4 
OPTF CETSP-50-10 2D 1.00000 0.06272 51 999.00000 47.34606 47.34606 23.70641 9595 9594 18.18131 18.12511 17.70822 3772 -1 1177 4 
OPTF CETSP-50-2 2D 0.25000 0.01703 51 999.00000 58.09310 58.09310 47.70901 5006731 5006730 7666.56188 7657.26892 7474.72694 214436 -1 105106 4 
OPTF CETSP-50-2 2D 0.50000 0.03405 51 999.00000 50.81517 50.81517 42.00042 359982 359981 557.68665 557.01676 544.60306 16546 -1 7541 4 
OPTF CETSP-50-2 2D 1.00000 0.06810 51 999.00000 39.82898 39.82898 30.51848 5883 5882 16.35228 16.31155 15.94263 3377 -1 1177 4 
OPTF CETSP-50-3 2D 0.25000 0.01692 51 999.00000 59.03200 59.03200 45.07963 883396 883395 1272.37505 1270.63806 1235.32708 183096 -1 21504 4 
OPTF CETSP-50-3 2D 0.50000 0.03383 51 999.00000 52.70682 52.70682 39.99254 180694 180693 257.41297 257.03211 250.35722 28734 -1 4635 4 
OPTF CETSP-50-3 2D 1.00000 0.06766 51 999.00000 42.29051 42.29051 28.93375 12170 12169 23.53694 23.48749 22.98368 5217 -1 1177 4 
OPTF CETSP-50-4 2D 0.25000 0.01586 51 999.00000 62.83531 62.83535 47.66064 1436928 1436927 2045.20658 2042.48014 1989.33422 19029 -1 34273 4 
OPTF CETSP-50-4 2D 0.50000 0.03172 51 999.00000 54.81919 54.81919 41.58531 67406 67405 97.55537 97.40624 94.74728 5047 -1 1647 4 
OPTF CETSP-50-4 2D 1.00000 0.06345 51 999.00000 43.92481 43.92481 31.01065 5857 5856 13.28821 13.25210 12.95582 3776 -1 1177 4 
OPTF CETSP-50-5 2D 0.25000 0.01569 51 999.00000 59.34846 59.34846 37.92667 710973 710972 1187.93898 1186.82331 1163.55717 4392 -1 11278 4 
OPTF CETSP-50-5 2D 0.50000 0.03138 51 999.00000 52.42264 52.42264 31.46052 18823 18822 28.60105 28.53668 27.78108 2796 -1 1177 4 
OPTF CETSP-50-5 2D 1.00000 0.06277 51 999.00000 43.73320 43.73364 21.98549 7439 7438 19.25950 19.21770 18.87934 6939 -1 1177 4 
OPTF CETSP-50-6 2D 0.25000 0.01585 51 999.00000 58.21996 58.21996 36.69706 181679 181678 253.95508 253.61823 246.99998 29409 -1 4236 4 
OPTF CETSP-50-6 2D 0.50000 0.03170 51 999.00000 51.82477 51.82477 30.60977 33264 33263 56.90704 56.82431 55.55442 13851 -1 1177 4 
OPTF CETSP-50-6 2D 1.00000 0.06339 51 999.00000 43.09692 43.09692 20.67923 7597 7596 17.46318 17.42409 17.08717 5452 -1 1177 4 
OPTF CETSP-50-7 2D 0.25000 0.01575 51 999.00000 59.90504 59.90504 42.27816 218847 218846 312.50311 312.12770 304.75008 12673 -1 4074 4 
OPTF CETSP-50-7 2D 0.50000 0.03149 51 999.00000 52.54394 52.54394 35.94366 18570 18569 29.68476 29.62898 28.90093 2998 -1 1177 4 
OPTF CETSP-50-7 2D 1.00000 0.06298 51 999.00000 43.14440 43.14440 26.23313 3252 3251 8.17752 8.13311 7.92135 2515 -1 1177 4 
OPTF CETSP-50-8 2D 0.25000 0.01566 51 999.00000 59.26431 59.26431 47.48087 212763 212762 308.88984 308.52701 301.23218 18372 -1 4517 4 
OPTF CETSP-50-8 2D 0.50000 0.03131 51 999.00000 51.69274 51.69274 41.54591 16493 16492 29.53547 29.47838 28.80759 6882 -1 1177 4 
OPTF CETSP-50-8 2D 1.00000 0.06263 51 999.00000 42.47589 42.47589 33.12259 5854 5853 14.75586 14.72965 14.46437 5074 -1 1177 4 
OPTF CETSP-50-9 2D 0.50000 0.03175 51 999.00000 56.56380 56.56380 46.93684 679619 679618 1027.66676 1026.41596 1002.96913 11936 -1 13930 4 
OPTF CETSP-50-9 2D 1.00000 0.06350 51 999.00000 44.73312 44.73312 36.84850 12683 12682 22.48548 22.44035 21.90188 5896 -1 1177 4 
