noOPTF CETSP-100-1 2D 0.25000 0.01566 101 999.00000 83.23708 64.47904 93.54564 22.53568 59.50685 3808945 3808944 14400.07187 14392.45764 13544.18450 1547474 -1 790712 4 
noOPTF CETSP-100-1 2D 0.50000 0.03131 101 999.00000 70.02976 61.86755 93.80705 11.65535 53.24094 4538848 4538847 14400.00034 14390.99357 13749.52910 1005893 -1 562889 4 
noOPTF CETSP-100-10 2D 0.25000 0.01565 101 999.00000 80.51967 65.08592 93.48489 19.16767 56.15091 3486052 3486051 14400.13169 14393.39439 13695.63677 2912223 -1 541162 4 
noOPTF CETSP-100-10 2D 0.50000 0.03129 101 999.00000 67.56757 63.58891 93.63474 5.88841 49.12507 6052339 6052338 14400.03192 14388.57566 13746.85870 2179729 -1 513746 4 
noOPTF CETSP-100-2 2D 0.25000 0.01566 101 999.00000 80.92261 65.44638 93.44881 19.12473 56.75083 3829998 3829997 14400.07728 14391.69363 13551.63041 2086710 -1 703362 4 
noOPTF CETSP-100-2 2D 0.50000 0.03132 101 999.00000 68.15249 62.15427 93.77835 8.80118 50.11351 4426335 4426334 14400.02614 14392.46115 13910.66721 179064 -1 377829 4 
noOPTF CETSP-100-3 2D 0.25000 0.01588 101 999.00000 78.66032 63.80680 93.61293 18.88312 57.01354 3798467 3798466 14400.02780 14391.71013 13640.59006 2955225 -1 599378 4 
noOPTF CETSP-100-3 2D 0.50000 0.03177 101 999.00000 66.71794 61.65010 93.82882 7.59593 50.72308 6040660 6040659 14400.00860 14388.82986 13779.13765 375048 -1 537001 4 
noOPTF CETSP-100-4 2D 0.25000 0.01582 101 999.00000 78.59974 59.89293 94.00471 23.80009 56.25217 3376277 3376276 14400.01111 14393.30960 13706.25402 2203027 -1 596988 4 
noOPTF CETSP-100-4 2D 0.50000 0.03165 101 999.00000 64.94560 58.31610 94.16255 10.20778 48.54758 5395315 5395314 14400.05734 14388.04680 13585.64486 279992 -1 762162 4 
noOPTF CETSP-100-5 2D 0.25000 0.01591 101 999.00000 73.91386 61.91422 93.80238 16.23463 48.92576 4712493 4712492 14400.15683 14391.53372 13670.83572 225871 -1 665534 4 
noOPTF CETSP-100-5 2D 0.50000 0.03183 101 999.00000 61.93388 60.50729 93.94321 2.30340 40.32060 7753421 7753420 14400.02020 14381.91649 13696.27829 51399 -1 343926 4 
noOPTF CETSP-100-6 2D 0.25000 0.01569 101 999.00000 82.58897 65.86251 93.40716 20.25265 57.01615 3888155 3888154 14400.03216 14390.27198 13463.28104 1313713 -1 800512 4 
noOPTF CETSP-100-6 2D 0.50000 0.03137 101 999.00000 69.20425 62.61805 93.73193 9.51705 50.02938 4559350 4559349 14400.02791 14389.17030 13674.20482 4308539 -1 550035 4 
noOPTF CETSP-100-7 2D 0.25000 0.01565 101 999.00000 81.67486 64.20983 93.57259 21.38361 54.95000 3942543 3942542 14400.10756 14391.39467 13596.62548 1301634 -1 692876 4 
noOPTF CETSP-100-7 2D 0.50000 0.03129 101 999.00000 68.99353 62.01490 93.79230 10.11490 48.00432 5755035 5755034 14400.05322 14387.21169 13587.40964 296996 -1 708698 4 
noOPTF CETSP-100-8 2D 0.25000 0.01613 101 999.00000 77.05238 65.32459 93.46100 15.22054 57.17727 4741904 4741903 14400.04496 14387.76172 13352.69409 596152 -1 870059 4 
noOPTF CETSP-100-8 2D 0.50000 0.03226 101 999.00000 65.57364 62.00953 93.79284 5.43529 51.09050 6576708 6576707 14400.05415 14385.40461 13640.33858 131241 -1 579525 4 
noOPTF CETSP-100-9 2D 0.25000 0.01566 101 999.00000 81.49249 63.65007 93.62862 21.89457 53.64249 3976663 3976662 14400.20542 14389.11693 13321.15186 3446457 -1 825951 4 
noOPTF CETSP-100-9 2D 0.50000 0.03132 101 999.00000 68.44653 61.14961 93.87892 10.66076 46.04315 5738507 5738506 14400.07052 14385.92331 13384.14925 1759703 -1 865783 4 
noOPTF CETSP-150-1 2D 0.25000 0.01571 151 999.00000 98.39121 63.82629 93.61098 35.13009 64.90470 2071595 2071594 14400.23801 14395.47035 13235.02539 1764230 -1 448259 4 
noOPTF CETSP-150-1 2D 0.50000 0.03141 151 999.00000 77.94408 61.17365 93.87651 21.51598 56.90325 2839428 2839427 14400.36524 14395.29105 13657.99079 1877624 -1 382752 4 
noOPTF CETSP-150-1 2D 1.00000 0.06282 151 999.00000 56.88052 55.51750 94.44269 2.39630 43.78136 5124192 5124191 14400.02538 14389.59717 13856.45077 4874760 -1 216793 4 
noOPTF CETSP-150-10 2D 0.25000 0.01593 151 999.00000 89.56244 60.29540 93.96442 32.67780 63.49404 2342711 2342710 14400.18246 14396.15766 13560.00099 2261845 -1 336421 4 
noOPTF CETSP-150-10 2D 0.50000 0.03185 151 999.00000 72.33750 58.23258 94.17091 19.49876 56.08579 3227572 3227571 14400.23160 14394.11990 13673.46375 1913588 -1 405020 4 
noOPTF CETSP-150-10 2D 1.00000 0.06370 151 999.00000 51.89389 51.55114 94.83973 0.66049 42.34951 4780811 4780810 14400.07803 14390.71083 13949.04099 565406 -1 87390 4 
noOPTF CETSP-150-2 2D 0.25000 0.01572 151 999.00000 91.05124 63.96657 93.59694 29.74662 57.83798 2825542 2825541 14400.09979 14395.24163 13430.76148 775985 -1 514066 4 
noOPTF CETSP-150-2 2D 0.50000 0.03145 151 999.00000 73.66524 62.08869 93.78492 15.71509 48.95514 4086516 4086515 14400.00743 14392.30610 13586.72018 826078 -1 524795 4 
noOPTF CETSP-150-2 2D 1.00000 0.06289 151 999.00000 56.22726 55.75360 94.41906 0.84240 35.90571 6788086 6788085 14400.00436 14384.03126 13832.46164 492289 -1 183263 4 
noOPTF CETSP-150-3 2D 0.25000 0.01578 151 999.00000 95.00627 58.58881 94.13525 38.33164 63.34928 2308424 2308423 14400.08379 14395.38085 13422.72852 2199366 -1 439816 4 
noOPTF CETSP-150-3 2D 0.50000 0.03156 151 999.00000 76.67213 56.59502 94.33483 26.18567 55.74355 2799486 2799485 14400.22117 14394.61738 13692.21846 1993137 -1 375195 4 
noOPTF CETSP-150-3 2D 1.00000 0.06312 151 999.00000 55.80021 50.96375 94.89852 8.66744 42.35442 4428417 4428416 14400.12267 14391.02928 13723.79890 1365237 -1 433119 4 
noOPTF CETSP-150-4 2D 0.25000 0.01576 151 999.00000 95.00263 64.60642 93.53289 31.99513 63.76434 2982099 2982098 14400.06048 14392.33105 12871.10243 217485 -1 848560 4 
noOPTF CETSP-150-4 2D 0.50000 0.03152 151 999.00000 78.00139 61.48719 93.84513 21.17166 57.04631 3295717 3295716 14400.04001 14391.38894 13355.68144 3282852 -1 634027 4 
noOPTF CETSP-150-4 2D 1.00000 0.06303 151 999.00000 57.30842 54.86250 94.50826 4.26800 44.73287 4458372 4458371 14400.01197 14390.66695 13865.74543 1807607 -1 265515 4 
noOPTF CETSP-150-5 2D 0.25000 0.01564 151 999.00000 95.22597 63.41877 93.65177 33.40181 58.00848 2471640 2471639 14400.28387 14367.03676 13351.77929 2262638 -1 460817 4 
noOPTF CETSP-150-5 2D 0.50000 0.03128 151 999.00000 77.86436 61.10128 93.88376 21.52857 49.66492 3049935 3049934 14400.03170 14393.44451 13594.19530 909448 -1 453573 4 
noOPTF CETSP-150-5 2D 1.00000 0.06257 151 999.00000 57.67329 54.71128 94.52339 5.13583 34.77959 4602827 4602826 14400.06935 14389.87613 13805.56750 3164298 -1 314695 4 
noOPTF CETSP-150-6 2D 0.25000 0.01582 151 999.00000 97.08496 62.93662 93.70004 35.17367 58.87640 2340429 2340428 14400.09761 14394.69895 13278.33645 1667129 -1 477853 4 
noOPTF CETSP-150-6 2D 0.50000 0.03165 151 999.00000 79.37259 60.22580 93.97139 24.12267 50.75177 2866745 2866744 14400.04851 14393.00609 13492.81238 2810530 -1 486992 4 
noOPTF CETSP-150-6 2D 1.00000 0.06330 151 999.00000 58.00889 54.89776 94.50473 5.36319 35.47008 4640591 4640590 14400.02876 14385.99984 13651.42789 3700566 -1 343366 4 
noOPTF CETSP-150-7 2D 0.25000 0.01578 151 999.00000 90.19668 62.88054 93.70565 30.28508 59.63299 2978397 2978396 14400.07239 14394.54019 13152.44875 2218159 -1 689371 4 
noOPTF CETSP-150-7 2D 0.50000 0.03156 151 999.00000 74.33158 59.62838 94.03119 19.78056 52.23503 3314172 3314171 14400.02779 14395.09778 13689.27888 1917922 -1 486876 4 
noOPTF CETSP-150-8 2D 0.25000 0.01567 151 999.00000 90.19779 60.42421 93.95153 33.00921 57.59964 2553772 2553771 14400.40306 14395.96251 13475.85817 1986437 -1 462920 4 
noOPTF CETSP-150-8 2D 0.50000 0.03134 151 999.00000 72.17013 58.27023 94.16714 19.25991 48.21301 3354832 3354831 14400.10702 14395.29223 13744.96390 1686198 -1 412156 4 
noOPTF CETSP-150-9 2D 0.25000 0.01574 151 999.00000 95.28653 63.68399 93.62523 33.16580 64.22622 2898830 2898829 14400.43920 14395.10940 12969.63091 445006 -1 794190 4 
noOPTF CETSP-150-9 2D 0.50000 0.03147 151 999.00000 77.13596 61.21822 93.87205 20.63595 57.08937 3582950 3582949 14400.14426 14394.45162 13550.54512 3417708 -1 578935 4 
noOPTF CETSP-150-9 2D 1.00000 0.06295 151 999.00000 56.08865 55.68164 94.42626 0.72566 44.50579 7056049 7056048 14400.04219 14386.04872 13885.07600 405866 -1 169406 4 
noOPTF CETSP-50-9 2D 0.25000 0.01588 51 999.00000 64.86606 63.53400 93.64024 2.05355 52.35821 8797717 8797716 14400.02765 14384.31599 14004.55524 1464293 -1 343892 4 
