noOPTF d493 2D 0.10000 0.02000 493 202.79343 202.79343 141.91822 30.01834 100.00000 50.24055 762038 762037 2223.64062 2220.25000 1399.76562 0 -1 577988 4 
noOPTF d493 2D 0.20000 0.04000 493  - 156.77084 131.29094 99.99869 16.25296 37.13138 1089394 1089393 3074.82812 3068.21875 2458.28125 451596 -1 490816 4 
noOPTF d493 2D 0.30000 0.06000 493  - 127.22922 121.21886 99.99879 4.72404 24.37114 1986117 1986116 3914.93750 3908.09375 3510.62500 593036 -1 416429 4 
noOPTF dsj1000 2D 0.10000 0.02215 1000 935.74295 935.74295 522.50057 44.16195 100.00000 67.25615 420544 420543 2085.00000 2082.78125 1030.96875 0 -1 290840 4 
noOPTF dsj1000 2D 0.20000 0.04430 1000  - 705.61799 490.63616 99.99509 30.46717 57.77241 433152 433151 2015.37500 2011.29688 1260.14062 298503 -1 239368 4 
noOPTF dsj1000 2D 0.30000 0.06644 1000  - 495.32569 465.28213 99.99535 6.06541 41.54112 1558720 1558719 4076.10938 4065.45312 3413.92188 899247 -1 206389 4 
noOPTF kroD100 2D 0.10000 0.01976 100 159.03800 159.03800 141.32566 11.13717 100.00000 44.34446 6338119 6338118 14400.07812 14388.54688 13852.73438 0 -1 1156966 4 
noOPTF lin318 2D 0.10000 0.02039 318 2842.32000 2842.32000 1899.03037 33.18731 100.00000 60.31532 1462595 1462594 4140.96875 4135.60938 3008.14062 0 -1 955241 4 
noOPTF lin318 2D 0.20000 0.04078 318  - 2271.69115 1788.10973 99.98212 21.28729 51.53789 2458487 2458486 8151.76562 8143.01562 7196.56250 1773066 -1 804251 4 
noOPTF lin318 2D 0.30000 0.06117 318  - 1829.58982 1673.76946 99.98326 8.51668 41.30040 4510583 4510582 12110.43750 12102.54688 11494.10938 2145356 -1 734242 4 
noOPTF lin318 2D 0.40000 0.08156 318  - 1568.13927 1547.61408 99.98452 1.30889 33.22493 7064544 7064543 14400.03125 14389.67188 14012.78125 527858 -1 407421 4 
noOPTF pcb442 2D 0.10000 0.02000 442 323.03367 323.03367 173.43311 46.31114 100.00000 65.89691 1018185 1018184 4464.92188 4461.17188 3140.93750 0 -1 673057 4 
noOPTF pcb442 2D 0.20000 0.04000 442  - 278.69709 162.68589 99.99837 41.62627 61.32466 746857 746856 3397.37500 3394.53125 2789.18750 8341 -1 566048 4 
noOPTF pcb442 2D 0.30000 0.06000 442  - 223.50860 154.84246 99.99845 30.72192 52.83209 653158 653157 1683.96875 1681.29688 1349.20312 3451 -1 500682 4 
noOPTF pcb442 2D 0.40000 0.08000 442  - 167.28353 145.68816 99.99854 12.90944 38.38195 1204109 1204108 2456.54688 2450.54688 2096.03125 661134 -1 484623 4 
noOPTF pcb442 2D 0.50000 0.10000 442 147.24441 144.06876 136.23318 7.47819 5.43877 30.07141 1839148 1839147 3245.20312 3241.26562 2985.32812 214510 -1 445709 4 
noOPTF pcb442 2D 0.60000 0.12000 442  - 135.01643 125.62985 99.99874 6.95218 27.09614 1241707 1241706 2216.06250 2212.60938 2035.12500 5579 -1 435527 4 
noOPTF pcb442 2D 0.70000 0.14000 442  - 118.27617 117.39046 99.99883 0.74885 18.71872 3936746 3936745 6695.34375 6686.59375 6440.56250 1079411 -1 426840 4 
noOPTF rat195 2D 0.10000 0.01959 195 158.78519 158.78519 104.09381 34.44363 100.00000 57.06563 2573674 2573673 7572.78125 7563.15625 6413.51562 0 -1 1482668 4 
noOPTF rat195 2D 0.20000 0.03919 195  - 118.06650 94.74717 99.99905 19.75101 43.75129 4534197 4534196 14400.18750 14383.67188 13443.45312 3528330 -1 1193669 4 
noOPTF rat195 2D 0.30000 0.05878 195  - 92.89085 85.72494 99.99914 7.71434 30.39195 6326920 6326919 14400.03125 14390.67188 13992.46875 2116308 -1 848779 4 
noOPTF rat195 2D 0.40000 0.07837 195  - 76.72207 76.23521 99.99924 0.63458 17.99001 7389085 7389084 14400.01562 14389.95312 14177.64062 432104 -1 238720 4 
noOPTF rd400 2D 0.10000 0.01996 400 1033.41434 1033.41434 524.20831 49.27414 100.00000 71.08943 1030646 1030645 4464.76562 4461.07812 2949.31250 0 -1 763688 4 
noOPTF rd400 2D 0.20000 0.03992 400  - 840.75553 499.15685 99.99501 40.62997 65.25988 1201174 1201173 4980.10938 4975.98438 4094.06250 318233 -1 657334 4 
noOPTF rd400 2D 0.30000 0.05988 400  - 659.27477 476.12188 99.99524 27.78096 56.70757 1417806 1417805 5145.25000 5140.87500 4527.29688 489849 -1 631544 4 
noOPTF rd400 2D 0.40000 0.07984 400  - 535.21821 454.90307 99.99545 15.00606 47.91353 2326252 2326251 7104.89062 7098.90625 6588.35938 1110098 -1 605281 4 
noOPTF rd400 2D 0.50000 0.09980 400 466.10166 450.57384 430.93288 7.54530 4.35910 39.59686 4542390 4542389 11196.90625 11182.45312 10619.28125 4367263 -1 561624 4 
noOPTF rd400 2D 0.60000 0.11976 400  - 403.97696 401.22509 99.99599 0.68120 34.26107 6902126 6902125 14400.12500 14386.59375 14046.57812 166979 -1 352836 4 
