OPTF d493 2D 0.40000 0.08000 493  - 110.63695 110.63701 15.13120 3868777 3868776 8546.50000 8539.04688 8405.98438 1264925 -1 52089 4 
OPTF d493 2D 0.50000 0.10000 493 101.73460 100.72082 100.72541 9.07265 8577 8576 11.68750 11.37500 10.73438 1948 -1 170 4 
OPTF d493 2D 0.60000 0.12000 493  - 94.42492 94.42592 5.44664 742 741 1.79688 1.51562 0.70312 509 -1 212 4 
OPTF d493 2D 0.70000 0.14000 493  - 90.01433 90.09141 3.35525 246 245 1.50000 1.23438 0.21875 211 -1 65 4 
OPTF d493 2D 0.80000 0.16000 493  - 86.93246 86.94179 2.54529 82 81 2.57812 2.29688 0.03125 75 -1 41 4 
OPTF d493 2D 0.90000 0.18000 493  - 84.37521 84.39339 2.27063 26 25 3.09375 2.81250 0.01562 24 -1 7 4 
OPTF d493 2D 1.00000 0.20000 493  - 81.85936 81.86311 2.01077 17 16 2.03125 1.76562 0.00000 15 -1 4 4 
OPTF d493 2D 1.10000 0.22000 493  - 79.38109 0.00000 1.76212 4 3 0.73438 0.45312 0.00000 1 -1 1 4 
OPTF d493 2D 1.20000 0.24000 493  - 76.93393 0.00000 1.51708 4 3 1.07812 0.79688 0.00000 1 -1 1 4 
OPTF d493 2D 1.30000 0.26000 493  - 74.51316 0.00000 1.26918 4 3 1.53125 1.25000 0.00000 1 -1 1 4 
OPTF d493 2D 1.40000 0.28000 493  - 72.12037 0.00000 1.01963 4 3 1.00000 0.71875 0.00000 1 -1 1 4 
OPTF d493 2D 1.50000 0.30000 493 69.75773 69.75773 0.00000 0.77047 4 3 0.28125 0.00000 0.00000 0 -1 1 4 
OPTF dsj1000 2D 0.40000 0.08859 1000  - 420.69418 420.69429 33.16087 3474153 3474152 8514.68750 8501.57812 8297.42188 2149592 -1 39975 4 
OPTF dsj1000 2D 0.50000 0.11074 1000 376.09882 373.75928 373.76251 26.99957 841488 841487 1925.67188 1922.56250 1888.71875 34393 -1 8032 4 
OPTF dsj1000 2D 0.60000 0.13289 1000  - 336.34488 336.34538 21.34991 100146 100145 204.43750 203.06250 187.96875 73535 -1 7122 4 
OPTF dsj1000 2D 0.70000 0.15504 1000  - 309.20359 309.21211 17.12309 24690 24689 45.17188 44.42188 35.62500 22330 -1 2400 4 
OPTF dsj1000 2D 0.80000 0.17718 1000  - 285.90345 285.90564 13.25201 3270 3269 6.42188 5.82812 3.82812 2292 -1 891 4 
OPTF dsj1000 2D 0.90000 0.19933 1000  - 265.27834 265.27904 9.60132 1817 1816 4.73438 4.20312 2.07812 790 -1 543 4 
OPTF dsj1000 2D 1.00000 0.22148 1000  - 251.68077 252.96493 7.96379 610 609 1.64062 1.10938 0.51562 447 -1 381 4 
OPTF dsj1000 2D 1.10000 0.24363 1000  - 239.93539 240.27271 6.84792 571 570 2.92188 2.37500 0.54688 368 -1 299 4 
OPTF dsj1000 2D 1.20000 0.26578 1000  - 228.90616 229.27600 5.89526 465 464 1.37500 0.81250 0.39062 225 -1 190 4 
OPTF dsj1000 2D 1.30000 0.28792 1000  - 218.80188 243.60139 5.22973 219 218 4.01562 3.45312 0.15625 153 -1 95 4 
OPTF dsj1000 2D 1.40000 0.31007 1000  - 209.26036 236.02515 4.73634 80 79 1.43750 0.90625 0.06250 70 -1 51 4 
OPTF dsj1000 2D 1.50000 0.33222 1000 199.94784 199.94784 0.00000 4.28355 18 17 0.57812 0.00000 0.00000 0 -1 3 4 
OPTF kroD100 2D 0.20000 0.03952 100  - 127.75781 127.75784 32.59799 4436848 4436847 8182.12500 8177.78125 8058.84375 764911 -1 58766 4 
OPTF kroD100 2D 0.30000 0.05929 100  - 109.35425 109.35504 23.43727 265883 265882 450.09375 449.84375 443.71875 23986 -1 3373 4 
OPTF kroD100 2D 0.40000 0.07905 100  - 96.89527 96.94832 16.03943 6131 6130 8.75000 8.67188 8.29688 1105 -1 258 4 
OPTF kroD100 2D 0.50000 0.09881 100 89.66791 89.66791 0.00000 11.89749 799 798 0.84375 0.79688 0.78125 0 -1 20 4 
OPTF kroD100 2D 0.60000 0.11857 100  - 85.25724 85.28713 10.08050 435 434 0.51562 0.46875 0.34375 120 -1 87 4 
OPTF kroD100 2D 0.70000 0.13833 100  - 81.67149 81.67534 8.97162 57 56 0.12500 0.06250 0.04688 55 -1 43 4 
OPTF kroD100 2D 0.80000 0.15809 100  - 78.55212 82.58428 8.28432 36 35 0.28125 0.21875 0.01562 29 -1 14 4 
OPTF kroD100 2D 0.90000 0.17786 100  - 75.51015 78.67808 7.60842 52 51 0.12500 0.06250 0.03125 42 -1 34 4 
OPTF kroD100 2D 1.00000 0.19762 100  - 72.54124 74.88172 6.94032 37 36 0.10938 0.04688 0.01562 35 -1 27 4 
OPTF kroD100 2D 1.10000 0.21738 100  - 69.62674 71.19324 6.25611 28 27 0.21875 0.17188 0.03125 26 -1 15 4 
OPTF kroD100 2D 1.20000 0.23714 100  - 66.76600 0.00000 5.55205 4 3 0.10938 0.04688 0.00000 1 -1 1 4 
OPTF kroD100 2D 1.30000 0.25690 100  - 63.96157 0.00000 4.82806 4 3 0.15625 0.09375 0.00000 1 -1 1 4 
OPTF kroD100 2D 1.40000 0.27666 100  - 61.21753 0.00000 4.08592 4 3 0.12500 0.07812 0.00000 1 -1 1 4 
OPTF kroD100 2D 1.50000 0.29643 100 58.54121 58.54121 0.00000 3.33232 4 3 0.04688 0.00000 0.00000 0 -1 1 4 
OPTF lin318 2D 0.50000 0.10195 318 1408.48207 1394.62615 1394.62788 26.83311 1123239 1123238 1940.68750 1938.76562 1901.23438 72298 -1 20889 4 
OPTF lin318 2D 0.60000 0.12234 318  - 1249.00838 1249.02669 20.43286 191686 191685 338.59375 338.17188 331.81250 7024 -1 3189 4 
OPTF lin318 2D 0.70000 0.14273 318  - 1131.28826 1131.34223 14.49429 46768 46767 75.01562 74.79688 72.45312 2715 -1 1007 4 
OPTF lin318 2D 0.80000 0.16312 318  - 1039.72146 1039.75826 9.49930 10600 10599 16.57812 16.40625 15.09375 4960 -1 282 4 
OPTF lin318 2D 0.90000 0.18351 318  - 978.27006 978.58827 6.49608 176 175 1.37500 1.20312 0.14062 170 -1 119 4 
OPTF lin318 2D 1.00000 0.20390 318  - 937.83800 958.54238 5.24841 8 7 0.34375 0.15625 0.00000 7 -1 4 4 
OPTF lin318 2D 1.10000 0.22429 318  - 900.49524 920.47683 4.20324 8 7 0.34375 0.17188 0.00000 7 -1 4 4 
OPTF lin318 2D 1.20000 0.24468 318  - 864.44716 883.24521 3.19696 8 7 0.28125 0.10938 0.00000 7 -1 4 4 
OPTF lin318 2D 1.30000 0.26507 318  - 829.85396 846.95726 2.25780 17 16 0.96875 0.79688 0.01562 16 -1 7 4 
OPTF lin318 2D 1.40000 0.28545 318  - 796.92488 811.74332 1.42501 8 7 0.26562 0.09375 0.00000 7 -1 4 4 
OPTF lin318 2D 1.50000 0.30584 318 765.96407 765.96407 0.00000 0.75667 8 7 0.18750 0.01562 0.01562 0 -1 2 4 
OPTF pcb442 2D 0.80000 0.16000 442  - 108.82416 108.82421 13.75226 467580 467579 795.53125 794.23438 774.51562 242960 -1 7426 4 
OPTF pcb442 2D 0.90000 0.18000 442  - 102.31592 102.32249 10.47435 932323 932322 1569.18750 1567.07812 1535.50000 4929 -1 16653 4 
OPTF pcb442 2D 1.00000 0.20000 442  - 97.99430 98.00860 8.81191 484 483 1.18750 0.95312 0.42188 404 -1 268 4 
OPTF pcb442 2D 1.10000 0.22000 442  - 94.64571 94.64872 7.93060 261 260 0.84375 0.56250 0.26562 252 -1 211 4 
OPTF pcb442 2D 1.20000 0.24000 442  - 91.77774 0.00000 7.44830 4 3 0.39062 0.15625 0.00000 1 -1 1 4 
OPTF pcb442 2D 1.30000 0.26000 442  - 88.99432 0.00000 6.99783 4 3 0.50000 0.25000 0.00000 1 -1 1 4 
OPTF pcb442 2D 1.40000 0.28000 442  - 86.24676 0.00000 6.52941 4 3 0.78125 0.53125 0.00000 1 -1 1 4 
OPTF pcb442 2D 1.50000 0.30000 442 83.53733 83.53733 0.00000 6.04280 4 3 0.23438 0.00000 0.00000 0 -1 1 4 
OPTF rat195 2D 0.50000 0.09797 195 68.08302 67.99089 67.99111 9.99955 5066 5065 6.54688 6.43750 6.14062 1641 -1 89 4 
OPTF rat195 2D 0.60000 0.11756 195  - 64.89911 64.90956 8.35454 184 183 0.64062 0.53125 0.15625 180 -1 129 4 
OPTF rat195 2D 0.70000 0.13715 195  - 62.53784 0.00000 7.61546 4 3 0.17188 0.06250 0.00000 1 -1 1 4 
OPTF rat195 2D 0.80000 0.15675 195  - 60.29309 0.00000 6.97540 4 3 0.10938 0.03125 0.00000 1 -1 1 4 
OPTF rat195 2D 0.90000 0.17634 195  - 58.08131 0.00000 6.31373 4 3 0.14062 0.03125 0.00000 1 -1 1 4 
OPTF rat195 2D 1.00000 0.19593 195  - 55.90521 0.00000 5.63202 4 3 0.20312 0.10938 0.00000 1 -1 1 4 
OPTF rat195 2D 1.10000 0.21553 195  - 53.76802 0.00000 4.93290 4 3 0.25000 0.14062 0.00000 1 -1 1 4 
OPTF rat195 2D 1.20000 0.23512 195  - 51.67363 0.00000 4.22045 4 3 0.42188 0.32812 0.01562 1 -1 1 4 
OPTF rat195 2D 1.30000 0.25471 195  - 49.62681 0.00000 3.50086 4 3 0.28125 0.18750 0.00000 1 -1 1 4 
OPTF rat195 2D 1.40000 0.27431 195  - 47.63356 0.00000 2.78327 4 3 0.28125 0.18750 0.01562 1 -1 1 4 
OPTF rat195 2D 1.50000 0.29390 195 45.70165 45.70165 0.00000 2.07235 4 3 0.10938 0.00000 0.00000 0 -1 1 4 
OPTF rd400 2D 0.70000 0.13972 400  - 366.59428 366.59532 29.34829 2778735 2778734 6358.87500 6354.12500 6273.46875 1418371 -1 27903 4 
OPTF rd400 2D 0.80000 0.15968 400  - 335.11141 335.11195 24.66195 235415 235414 468.57812 468.04688 459.76562 88198 -1 3204 4 
OPTF rd400 2D 0.90000 0.17964 400  - 306.61873 306.67176 19.78482 4102 4101 6.84375 6.60938 4.92188 2150 -1 392 4 
OPTF rd400 2D 1.00000 0.19960 400  - 285.99258 286.00706 16.26674 3788 3787 6.62500 6.43750 4.68750 3685 -1 219 4 
OPTF rd400 2D 1.10000 0.21956 400  - 267.15892 267.17329 12.78011 1091 1090 1.95312 1.71875 1.06250 849 -1 319 4 
OPTF rd400 2D 1.20000 0.23952 400  - 253.36084 253.38170 10.56631 429 428 1.28125 1.06250 0.37500 383 -1 262 4 
OPTF rd400 2D 1.30000 0.25948 400  - 243.32346 255.06820 9.50541 289 288 0.81250 0.60938 0.21875 284 -1 236 4 
OPTF rd400 2D 1.40000 0.27944 400  - 233.92684 242.26543 8.59088 233 232 1.00000 0.75000 0.20312 228 -1 192 4 
OPTF rd400 2D 1.50000 0.29940 400 224.83865 224.83865 0.00000 7.71221 25 24 0.23438 0.01562 0.01562 0 -1 3 4 
