noOPTF d493 3D 0.50000 0.02507 493 665.05552 665.05552 420.42680 36.78320 100.00000 50.39053 735782 735781 2566.56889 2562.12739 950.09345 0 -1 680911 4 
noOPTF dsj1000 3D 0.10000 0.02215 1000 3147.86523 3147.86523 753.29840 76.06955 100.00000 89.34030 534390 534389 3342.78147 3338.97040 571.64479 0 -1 484561 4 
noOPTF dsj1000 3D 0.50000 0.11074 1000 1021.25155 1021.25155 593.62287 41.87300 100.00000 70.38386 326575 326574 1447.99995 1445.06310 392.69916 0 -1 298311 4 
noOPTF kroD100 3D 0.10000 0.01976 100 202.02117 202.02117 152.19175 24.66545 100.00000 56.09841 4672151 4672150 10050.01535 10019.68004 6460.28824 0 -1 4063111 4 
noOPTF lin318 3D 0.10000 0.02039 318 3044.26999 3044.26999 2010.21509 33.96725 100.00000 62.92741 1390021 1390020 4227.01943 4218.71015 1662.33805 0 -1 1288664 4 
noOPTF pcb442 3D 0.10000 0.02000 442 404.48979 404.48979 187.35225 53.68183 100.00000 72.74045 950898 950897 3779.16880 3773.48727 1193.86438 0 -1 876138 4 
noOPTF pcb442 3D 0.50000 0.10000 442 154.80989 154.80989 137.52822 11.16316 100.00000 34.86003 823435 823434 2030.41298 2026.81490 1226.67959 0 -1 467254 4 
noOPTF rat195 3D 0.10000 0.01959 195 291.25837 291.25837 129.12874 55.66522 100.00000 75.77872 2141775 2141774 5564.58670 5551.25246 2565.28181 0 -1 1967434 4 
noOPTF rd400 3D 0.10000 0.01991 400 3218.19754 3218.19754 879.04909 72.68505 100.00000 88.58020 1181381 1181380 4316.08500 4308.28551 1196.11664 0 -1 1073228 4 
noOPTF rd400 3D 0.50000 0.09957 400 1552.72265 1552.72265 756.72177 51.26485 100.00000 78.08274 1085899 1085898 3150.69942 3143.62719 1198.95855 0 -1 990697 4 
noOPTF rd400 3D 1.50000 0.29871 400 539.95415 539.95415 450.75967 16.51890 100.00000 49.23105 610978 610977 2112.49667 2109.61727 1340.06346 0 -1 468581 4 
noOPTF d493 3D 0.10000 0.00501 493 1353.13721 1353.13721 474.92600 64.90186 100.00000 74.87015 1079661 1079660 5350.33320 5344.45443 1161.69413 0 -1 998896 4 
noOPTF rat195 3D 0.50000 0.09797 195 112.40474 112.40474 89.06680 20.76242 100.00000 44.05134 1781091 1781090 3521.01940 3512.92189 2500.79801 0 -1 1277433 4 
