noOPTF bubbles4 2D 1.00000 0.05714 185 825.32600 825.32600 693.87384 15.92730 100.00000 55.12492 2364644 2364643 4118.87996 4112.45714 3576.87047 0 -1 1323365 4 
noOPTF bubbles5 2D 1.00000 0.05405 251 1062.33509 1062.33509 852.72158 19.73139 100.00000 59.81450 1268508 1268507 2189.10410 2184.26411 1601.17382 0 -1 1034982 4 
noOPTF bubbles6 2D 1.00000 0.05128 325 1263.68000 1263.68000 992.78588 21.43692 100.00000 61.74268 949771 949770 1736.77883 1732.82698 1088.44355 0 -1 849274 4 
noOPTF bubbles7 2D 1.00000 0.04878 407 1639.33000 1639.33000 1118.72973 31.75689 100.00000 67.05971 703742 703741 1415.39341 1412.32209 769.64095 0 -1 650087 4 
noOPTF bubbles8 2D 1.00000 0.04651 497 1972.99000 1972.99000 1245.68842 36.86291 100.00000 69.76400 650001 650000 1427.53751 1424.66167 680.86584 0 -1 598761 4 
noOPTF bubbles9 2D 1.00000 0.04444 595 2330.31000 2330.31000 1366.92350 41.34156 100.00000 71.97330 564318 564317 1396.46718 1393.92940 589.42837 0 -1 519740 4 
noOPTF concentricCircles2 2D 1.00000 0.02500 37 153.13217 153.13217 152.28634 0.55235 100.00000 55.59392 8928760 8928759 14400.01400 14392.01307 14188.69987 0 -1 318702 4 
noOPTF concentricCircles3 2D 1.00000 0.02308 61 271.07586 271.07586 251.51535 7.21588 100.00000 60.18136 8265224 8265223 14400.02148 14382.19117 13748.64367 0 -1 2115260 4 
noOPTF concentricCircles4 2D 1.00000 0.02143 105 454.45654 454.45654 369.26864 18.74500 100.00000 67.43363 4369643 4369642 6887.35683 6864.41187 5414.63931 0 -1 3369164 4 
noOPTF concentricCircles5 2D 1.00000 0.02000 149 645.38050 645.38050 466.62283 27.69803 100.00000 70.86990 2392473 2392472 4246.31094 4232.61481 2782.69848 0 -1 2223187 4 
noOPTF rotatingDiamonds3 2D 1.00000 0.01538 181 380.88233 380.88233 353.82902 7.10280 100.00000 57.54447 3993504 3993503 5426.23779 5418.86533 4753.50300 0 -1 1400553 4 
noOPTF rotatingDiamonds4 2D 1.00000 0.01176 321 770.66015 770.66015 594.10371 22.90977 100.00000 64.70558 1035599 1035598 1951.97101 1947.83986 1072.35471 0 -1 951608 4 
noOPTF rotatingDiamonds5 2D 1.00000 0.01053 681 1510.75230 1510.75230 1096.53663 27.41784 100.00000 66.82998 506196 506195 1335.25265 1332.97078 472.22975 0 -1 463865 4 
