noOPTF bonus1000 2D 1.00000 0.12000 1001 387.13000 387.13000 357.60237 7.62732 100.00000 38.14624 652900 652899 1609.55122 1605.95793 927.09961 0 -1 203467 4 
noOPTF bubbles4 2D 1.00000 0.05714 185 805.56000 805.56000 695.36053 13.67986 100.00000 54.02382 2890696 2890695 6553.83213 6541.79471 5160.34246 0 -1 1328997 4 
noOPTF bubbles5 2D 1.00000 0.05405 251 1061.64000 1061.64000 852.79670 19.67176 100.00000 59.78819 1275491 1275490 3100.51276 3092.58908 1831.67801 0 -1 1038152 4 
noOPTF d493rdmRad 2D 1.00000 0.13442 493 134.74000 134.74000 124.57530 7.54394 100.00000 35.33727 743005 743004 1583.92801 1580.20461 997.86192 0 -1 312091 4 
noOPTF lin318rdmRad 2D 1.00000 0.10242 318 2055.77000 2055.77000 1800.06552 12.43838 100.00000 48.67912 1076585 1076584 2155.86478 2150.45681 1361.45876 0 -1 580453 4 
noOPTF pcb442rdmRad 2D 1.00000 0.09393 442 220.44000 220.44000 173.58432 21.25552 100.00000 55.09994 468899 468898 1161.14880 1157.64276 469.05683 0 -1 410539 4 
noOPTF rd400rdmRad 2D 1.00000 0.00990 400 1252.22000 1252.22000 573.74309 54.18193 100.00000 75.77618 935226 935225 3786.56602 3780.40154 1010.33490 0 -1 859685 4 
noOPTF team2_200rdmRad 2D 1.00000 0.05176 201 616.82000 616.82000 488.95791 20.72924 100.00000 62.12427 1199823 1199822 2539.14398 2531.19745 1438.42345 0 -1 1041370 4 
noOPTF pcb442 2D 0.50000 0.10000 442 146.03000 146.03000 137.36947 5.93065 100.00000 31.01058 1283722 1283721 2808.57145 2803.73365 1954.92046 0 -1 453548 4 
noOPTF rd400 2D 0.50000 0.09980 400 460.21000 460.21000 433.73767 5.75223 100.00000 40.86162 1803715 1803714 3830.27850 3823.75646 2787.47540 0 -1 585906 4 
