noOPTF bonus1000rdmRad 3D 1.00000 0.06002 1001 2689.41319 2689.41319 486.80492 81.89921 100.00000 89.48215 315797 315796 3809.01821 3807.69742 2015.32313 0 -1 279132 4 
noOPTF bonus1000 3D 1.00000 0.12000 1001 941.34843 941.34843 416.89551 55.71294 100.00000 73.11567 265023 265022 1371.68521 1370.24050 947.30065 0 -1 223019 4 
noOPTF d493rdmRad 3D 1.00000 0.03370 493 761.06541 761.06541 427.70950 43.80122 100.00000 56.52390 877997 877996 3254.33190 3251.30392 2458.61829 0 -1 549361 4 
noOPTF dsj1000rdmRad 3D 1.00000 0.13808 1000 2074.84382 1863.36468 622.24604 70.00998 66.60632 82.41331 293985 293984 1708.36186 1706.81742 1230.71395 20675 -1 219512 4 
noOPTF kroD100rdmRad 3D 1.00000 0.03984 100 171.56751 170.44928 144.83152 15.58336 15.02955 48.00815 5833632 5833631 14400.02488 14388.55929 13816.64776 2095698 -1 1367174 4 
noOPTF lin318rdmRad 3D 1.00000 0.10242 318 2189.42623 2112.18642 1825.87357 16.60493 13.55528 50.01792 3737665 3737664 10128.29834 10120.79455 9661.13209 1472828 -1 708096 4 
noOPTF pcb442rdmRad 3D 1.00000 0.09393 442 258.40421 247.34586 171.18122 33.75448 30.79277 59.90384 1800758 1800757 6294.69698 6290.07599 5766.88492 1664962 -1 543704 4 
noOPTF rd400rdmRad 3D 1.00000 0.00988 400 3592.60132 3592.60132 679.02614 81.09932 100.00000 89.67724 884110 884109 14400.51129 14398.20099 6978.07188 0 -1 769343 4 
noOPTF team1_100rdmRad 3D 1.00000 0.07574 101 907.59285 904.47383 725.95916 20.01268 19.73685 66.85791 6069734 6069733 14400.11828 14385.01305 13594.34855 3524113 -1 1841884 4 
noOPTF team1_100 3D 1.00000 0.09186 101 820.72714 816.29349 677.03136 17.50835 17.06030 61.68065 5824985 5824984 14400.11383 14386.61444 13688.74664 4504001 -1 1556800 4 
noOPTF team2_200rdmRad 3D 1.00000 0.05176 201 1055.94784 1055.94784 507.36450 51.95175 100.00000 76.87535 2094171 2094170 7395.63816 7387.83280 5861.61750 0 -1 1545275 4 
noOPTF team3_300rdmRad 3D 1.00000 0.23638 301 1053.38028 1009.71731 655.81054 37.74228 35.05008 74.46916 1384902 1384901 3482.02419 3476.85327 3071.33471 1050843 -1 744912 4 
noOPTF team3_300 3D 1.00000 0.07003 301 1484.41054 1484.41054 704.15426 52.56337 100.00000 78.45718 1268423 1268422 4153.80844 4148.75159 2730.59663 0 -1 1058775 4 
noOPTF team4_400rdmRad 3D 1.00000 0.02046 401 1276.89556 1276.89556 520.21960 59.25903 100.00000 74.85446 1298983 1298982 8643.83266 8639.97709 5428.77315 0 -1 916999 4 
noOPTF team4_400 3D 1.00000 0.05009 401 753.81291 753.81291 483.57297 35.84974 100.00000 59.21665 1341103 1341102 5701.18146 5697.21863 4546.26528 0 -1 705017 4 
noOPTF team5_499rdmRad 3D 1.00000 0.20127 500 840.47665 808.24727 578.61564 31.15625 28.41106 73.35358 830009 830008 2256.96056 2254.20154 1973.18300 816309 -1 414475 4 
noOPTF team5_499 3D 1.00000 0.02001 500 1924.52650 1924.52650 603.65310 68.63368 100.00000 86.02968 1004597 1004596 9196.07839 9193.03864 4543.57361 0 -1 794176 4 
noOPTF team6_500rdmRad 3D 1.00000 0.10008 501 1076.35162 1076.35162 486.64831 54.78724 100.00000 72.17792 697610 697609 2967.40625 2965.29706 2363.46289 0 -1 467703 4 
