noOPTF bonus1000 3D 1.00000 0.12000 1001 941.34843 941.34843 464.71236 50.63333 100.00000 73.11567 309995 309994 1426.75483 1423.98679 398.16493 0 -1 284088 4 
noOPTF team1_100 3D 1.00000 0.09186 101 820.72714 820.72714 708.28836 13.69990 100.00000 61.88765 4118185 4118184 6989.09858 6964.13161 5101.80748 0 -1 3336890 4 
noOPTF team3_300 3D 1.00000 0.07003 301 1484.41054 1484.41054 771.77449 48.00802 100.00000 78.45718 1510368 1510367 3709.32634 3699.74755 1597.83240 0 -1 1378619 4 
noOPTF team4_400 3D 1.00000 0.05009 401 753.81291 753.81291 510.06743 32.33501 100.00000 59.21665 924791 924790 2852.53138 2846.93505 1129.88985 0 -1 854309 4 
noOPTF team5_499 3D 1.00000 0.02001 500 1924.52650 1924.52650 714.33325 62.88265 100.00000 86.02968 1047216 1047215 4439.16073 4433.18525 994.20598 0 -1 957412 4 
noOPTF bonus1000rdmRad 3D 1.00000 0.06002 1001 2689.41319 2689.41319 573.35618 78.68099 100.00000 89.48215 377255 377254 2262.53432 2259.39446 412.35413 0 -1 342657 4 
noOPTF d493rdmRad 3D 1.00000 0.03370 493 761.06541 761.06541 436.95524 42.58638 100.00000 56.52390 627130 627129 1928.30135 1924.18626 715.80384 0 -1 575283 4 
noOPTF dsj1000rdmRad 3D 1.00000 0.13808 1000 2074.84382 2074.84382 680.44529 67.20499 100.00000 84.20584 293805 293804 1262.06325 1259.32254 302.82969 0 -1 266737 4 
noOPTF kroD100rdmRad 3D 1.00000 0.03984 100 171.56751 171.56751 141.50432 17.52266 100.00000 48.34702 4695128 4695127 8812.96346 8789.55026 6892.86083 0 -1 3208345 4 
noOPTF lin318rdmRad 3D 1.00000 0.10242 318 2189.42623 2189.42623 1798.95619 17.83435 100.00000 51.78122 948353 948352 2168.42623 2163.34034 1206.31769 0 -1 718183 4 
noOPTF pcb442rdmRad 3D 1.00000 0.09393 442 258.40421 258.40421 175.88930 31.93249 100.00000 61.61974 639701 639700 1720.88893 1716.73744 642.72010 0 -1 588912 4 
noOPTF rd400rdmRad 3D 1.00000 0.00988 400 3592.60132 3592.60132 886.58231 75.32200 100.00000 89.67724 1177939 1177938 5625.26382 5618.12071 1218.29560 0 -1 1070428 4 
noOPTF team1_100rdmRad 3D 1.00000 0.07574 101 907.59285 907.59285 749.98851 17.36509 100.00000 66.97180 4015748 4015747 7262.76361 7236.20772 4658.16591 0 -1 3575899 4 
noOPTF team2_200rdmRad 3D 1.00000 0.05176 201 1055.94784 1055.94784 533.51300 49.47544 100.00000 76.87535 2164034 2164033 5376.88304 5363.51487 2545.99341 0 -1 1993918 4 
noOPTF team3_300rdmRad 3D 1.00000 0.23638 301 1053.38028 1053.38028 673.08861 36.10203 100.00000 75.52742 846260 846259 1855.87538 1850.25556 947.17459 0 -1 770647 4 
noOPTF team4_400rdmRad 3D 1.00000 0.02046 401 1276.89556 1276.89556 553.54043 56.64951 100.00000 74.85446 1000920 1000919 3663.95186 3658.00850 1064.92820 0 -1 918157 4 
noOPTF team5_499rdmRad 3D 1.00000 0.20127 500 840.47665 840.47665 589.55613 29.85455 100.00000 74.37538 457186 457185 1091.23742 1088.36721 495.35576 0 -1 419857 4 
noOPTF team6_500rdmRad 3D 1.00000 0.10008 501 1076.35162 1076.35162 503.11690 53.25720 100.00000 72.17792 619062 619061 1772.03684 1768.00442 635.01317 0 -1 566822 4 
