noOPTF bonus1000rdmRad 3D 1.00000 0.06002 1001 2689.41319 2689.41319 612.77524 77.21528 100.00000 89.48215 374915 374914 1458.81786 1456.04722 366.52865 0 -1 339795 4 
noOPTF bonus1000 3D 1.00000 0.12000 1001 941.34843 941.34843 464.67951 50.63682 100.00000 73.11567 309078 309077 1104.92729 1102.52388 386.72328 0 -1 283244 4 
noOPTF d493rdmRad 3D 1.00000 0.03370 493 761.06541 761.06541 444.03694 41.65588 100.00000 56.52390 618001 618000 1469.96018 1466.42283 732.65621 0 -1 571860 4 
noOPTF dsj1000rdmRad 3D 1.00000 0.13808 1000 2074.84382 2074.84382 704.02852 66.06836 100.00000 84.20584 293728 293727 812.74970 810.42817 279.97512 0 -1 265904 4 
noOPTF kroD100rdmRad 3D 1.00000 0.03984 100 171.56751 171.56751 150.28459 12.40498 100.00000 48.34702 6478519 6478518 10757.79866 10733.34554 9458.47033 0 -1 3125805 4 
noOPTF lin318rdmRad 3D 1.00000 0.10242 318 2189.42623 2189.42623 1856.27392 15.21642 100.00000 51.78122 1030751 1030750 1645.59806 1640.75799 1263.95251 0 -1 716217 4 
noOPTF team1_100rdmRad 3D 1.00000 0.07574 101 907.59285 907.59285 764.37196 15.78030 100.00000 66.97180 3829892 3829891 5637.31675 5612.27661 4320.96572 0 -1 3399981 4 
noOPTF team1_100 3D 1.00000 0.09186 101 820.72714 820.72714 708.26775 13.70241 100.00000 61.88765 4112042 4112041 6212.88260 6188.47309 4912.42813 0 -1 3332300 4 
noOPTF team3_300rdmRad 3D 1.00000 0.23638 301 1053.38028 1053.38028 695.57937 33.96693 100.00000 75.52742 830311 830310 1339.37999 1334.28131 923.82343 0 -1 755865 4 
noOPTF team4_400rdmRad 3D 1.00000 0.02046 401 1276.89556 1276.89556 575.31709 54.94408 100.00000 74.85446 999551 999550 2634.09475 2628.36735 1081.81552 0 -1 918596 4 
noOPTF team4_400 3D 1.00000 0.05009 401 753.81291 753.81291 510.05252 32.33699 100.00000 59.21665 923158 923157 2291.01266 2285.70893 1149.67221 0 -1 852793 4 
noOPTF team5_499 3D 1.00000 0.02001 500 1924.52650 1924.52650 714.32217 62.88323 100.00000 86.02968 1046616 1046615 2871.57676 2866.04568 988.53529 0 -1 956861 4 
noOPTF team6_500rdmRad 3D 1.00000 0.10008 501 1076.35162 1076.35162 529.73523 50.78418 100.00000 72.17792 602375 602374 1177.96160 1174.93152 586.56567 0 -1 551044 4 
noOPTF pcb442rdmRad 3D 1.00000 0.09393 442 258.40421 258.40421 180.14698 30.28481 100.00000 61.61974 629157 629156 901.65324 898.68738 483.33177 0 -1 578218 4 
noOPTF rd400rdmRad 3D 1.00000 0.00988 400 3592.60132 3592.60132 896.18836 75.05461 100.00000 89.67724 1186386 1186385 5355.85087 5348.82532 1129.81423 0 -1 1077255 4 
noOPTF team2_200rdmRad 3D 1.00000 0.05176 201 1055.94784 1055.94784 553.84110 47.55034 100.00000 76.87535 2097769 2097768 3631.39356 3619.58684 2214.65861 0 -1 1931010 4 
noOPTF team5_499rdmRad 3D 1.00000 0.20127 500 840.47665 840.47665 605.46055 27.96224 100.00000 74.37538 455049 455048 741.87547 739.60160 484.75372 0 -1 417135 4 
noOPTF team3_300 3D 1.00000 0.07003 301 1484.41054 1484.41054 771.67818 48.01450 100.00000 78.45718 1502414 1502413 3095.15851 3086.79026 1434.10627 0 -1 1371321 4 
