noOPTF bonus1000 3D 1.00000 0.12000 1001 941.34843 941.34843 429.70304 54.35239 100.00000 73.11567 244238 244237 3481.25000 535.95312 362.56250 0 -1 194021 4 
noOPTF bonus1000rdmRad 3D 1.00000 0.06002 1001 2689.41319 2689.41319 468.83750 82.56729 100.00000 89.48215 292077 292076 4358.29688 1743.06250 947.75000 0 -1 263705 4 
noOPTF d493rdmRad 3D 1.00000 0.03370 493 761.06541 761.06541 436.51506 42.64421 100.00000 56.52390 863211 863210 12577.25000 1283.20312 907.68750 0 -1 548975 4 
noOPTF dsj1000rdmRad 3D 1.00000 0.13808 1000 2074.84382 1854.62424 649.55657 68.69371 64.97638 82.33042 252307 252306 3545.89062 567.00000 371.60938 20743 -1 190900 4 
noOPTF kroD100rdmRad 3D 1.00000 0.03984 100 171.56751 171.07965 143.14782 16.56472 16.32680 48.19972 907857 907856 14400.15625 760.71875 716.25000 206775 -1 256696 4 
noOPTF lin318rdmRad 3D 1.00000 0.10242 318 2189.42623 2115.59903 1825.34595 16.62903 13.71966 50.09855 848013 848012 14400.31250 830.65625 722.43750 628362 -1 223856 4 
noOPTF pcb442rdmRad 3D 1.00000 0.09393 442 258.40421 243.35721 176.04632 31.87173 27.65930 59.24666 1262606 1262605 14400.81250 1827.51562 1615.87500 1231829 -1 366541 4 
noOPTF rd400rdmRad 3D 1.00000 0.00988 400 3592.60132 3592.60132 689.45198 80.80912 100.00000 89.67724 1076326 1076325 14400.21875 6554.09375 3455.43750 0 -1 928931 4 
noOPTF team1_100 3D 1.00000 0.09186 101 820.72714 820.72714 671.26826 18.21054 100.00000 61.88765 698133 698132 14400.32812 476.37500 436.25000 0 -1 282951 4 
noOPTF team1_100rdmRad 3D 1.00000 0.07574 101 907.59285 907.59285 716.62663 21.04096 100.00000 66.97180 578621 578620 14400.06250 334.04688 289.90625 0 -1 329303 4 
noOPTF team2_200rdmRad 3D 1.00000 0.05176 201 1055.94784 1055.94784 516.92041 51.04679 100.00000 76.87535 1089917 1089916 14400.18750 1439.37500 1125.10938 0 -1 803425 4 
noOPTF team3_300 3D 1.00000 0.07003 301 1484.41054 1484.41054 722.53394 51.32519 100.00000 78.45718 891324 891323 14400.09375 1118.53125 714.35938 0 -1 762488 4 
noOPTF team3_300rdmRad 3D 1.00000 0.23638 301 1053.38028 1016.51147 671.47522 36.25519 33.94317 74.63980 740558 740557 14400.01562 627.85938 504.78125 184753 -1 461812 4 
noOPTF team4_400 3D 1.00000 0.05009 401 753.81291 753.81291 493.55606 34.52539 100.00000 59.21665 1115606 1115605 14400.29688 1831.51562 1374.70312 0 -1 705283 4 
noOPTF team4_400rdmRad 3D 1.00000 0.02046 401 1276.89556 1276.89556 541.50266 57.59225 100.00000 74.85446 1289699 1289698 14400.78125 3501.14062 2119.29688 0 -1 990125 4 
noOPTF team5_499 3D 1.00000 0.02001 500 1924.52650 1924.52650 627.91524 67.37300 100.00000 86.02968 1198600 1198599 13654.23438 5281.56250 2780.65625 0 -1 950626 4 
noOPTF team5_499rdmRad 3D 1.00000 0.20127 500 840.47665 798.70244 597.53995 28.90463 25.18616 73.03515 850457 850456 13845.82812 952.59375 807.76562 449390 -1 380562 4 
noOPTF team6_500rdmRad 3D 1.00000 0.10008 501 1076.35162 1076.35162 507.33849 52.86499 100.00000 72.17792 573973 573972 8415.54688 817.89062 582.31250 0 -1 452690 4 
