noOPTF bonus1000 3D 1.00000 0.12000 1001 941.34843 941.34843 427.61569 54.57413 100.00000 73.11567 225537 225536 3269.15625 535.54688 342.04688 0 -1 191998 4 
noOPTF bonus1000rdmRad 3D 1.00000 0.06002 1001 2689.41319 2689.41319 497.60458 81.49765 100.00000 89.48215 309224 309223 4237.31250 1539.45312 754.15625 0 -1 274074 4 
noOPTF d493rdmRad 3D 1.00000 0.03370 493 761.06541 761.06541 437.14765 42.56109 100.00000 56.52390 883500 883499 12882.82812 1372.67188 991.20312 0 -1 546777 4 
noOPTF dsj1000rdmRad 3D 1.00000 0.13808 1000 2074.84382 1820.64235 647.83492 68.77669 64.41723 82.00063 269218 269217 3652.34375 724.71875 495.84375 58773 -1 187071 4 
noOPTF kroD100rdmRad 3D 1.00000 0.03984 100 171.56751 170.60082 143.10687 16.58860 16.11596 48.05434 903036 903035 14400.26562 801.76562 757.14062 871359 -1 249888 4 
noOPTF lin318rdmRad 3D 1.00000 0.10242 318 2189.42623 2112.18642 1824.12426 16.68483 13.63810 50.01792 917789 917788 14400.12500 994.79688 904.25000 672781 -1 222170 4 
noOPTF pcb442rdmRad 3D 1.00000 0.09393 442 258.40421 245.37090 175.97168 31.90061 28.28339 59.58111 1259663 1259662 14400.31250 1848.62500 1635.71875 1067119 -1 373976 4 
noOPTF rd400rdmRad 3D 1.00000 0.00988 400 3592.60132 3592.60132 687.56861 80.86154 100.00000 89.67724 1027161 1027160 14400.23438 6653.79688 3578.40625 0 -1 876609 4 
noOPTF team1_100rdmRad 3D 1.00000 0.07574 101 907.59285 907.59285 714.64699 21.25908 100.00000 66.97180 600854 600853 14400.38154 386.84881 333.48503 0 -1 332964 4 
noOPTF team1_100 3D 1.00000 0.09186 101 820.72714 820.72714 670.38469 18.31820 100.00000 61.88765 738210 738209 14400.02407 575.35726 525.50623 0 -1 288366 4 
noOPTF team2_200rdmRad 3D 1.00000 0.05176 201 1055.94784 1055.94784 517.03091 51.03632 100.00000 76.87535 1071886 1071885 14400.08554 1535.52653 1151.25137 0 -1 804522 4 
noOPTF team3_300rdmRad 3D 1.00000 0.23638 301 1053.38028 1014.69483 670.86902 36.31274 33.88465 74.59440 764991 764990 14400.48038 722.45611 584.25417 678484 -1 450925 4 
noOPTF team3_300 3D 1.00000 0.07003 301 1484.41054 1484.41054 720.48936 51.46293 100.00000 78.45718 910635 910634 14400.17973 1236.05267 796.38196 0 -1 756557 4 
noOPTF team4_400 3D 1.00000 0.05009 401 753.81291 753.81291 493.63688 34.51467 100.00000 59.21665 1108728 1108727 14400.10938 1897.29688 1413.84375 0 -1 692043 4 
noOPTF team4_400rdmRad 3D 1.00000 0.02046 401 1276.89556 1276.89556 540.56607 57.66560 100.00000 74.85446 1296246 1296245 14400.17188 3753.81250 2256.78125 0 -1 970620 4 
noOPTF team5_499 3D 1.00000 0.02001 500 1924.52650 1924.52650 627.11138 67.41477 100.00000 86.02968 1206903 1206902 14401.10938 5762.34375 3083.70312 0 -1 937859 4 
noOPTF team5_499rdmRad 3D 1.00000 0.20127 500 840.47665 795.52663 596.59753 29.01676 25.00596 72.92750 845544 845543 13833.01562 1048.92188 893.68750 776291 -1 380271 4 
noOPTF team6_500rdmRad 3D 1.00000 0.10008 501 1076.35162 1076.35162 506.21048 52.96979 100.00000 72.17792 603703 603702 8446.71875 1019.87500 768.12500 0 -1 451650 4 
