noOPTF bubbles4 2D 1.00000 0.05714 185 825.32600 825.32600 693.92193 15.92148 100.00000 55.12492 2379308 2379307 5442.00165 5432.86196 4138.50368 0 -1 1330915 4 
noOPTF bubbles5 2D 1.00000 0.05405 251 1062.33509 1062.33509 852.77343 19.72651 100.00000 59.81450 1273634 1273633 3016.58977 3009.82926 1787.95529 0 -1 1039115 4 
noOPTF bubbles6 2D 1.00000 0.05128 325 1263.68000 1263.68000 992.84201 21.43248 100.00000 61.74268 953605 953604 2443.29760 2437.51020 1214.32098 0 -1 852616 4 
noOPTF bubbles7 2D 1.00000 0.04878 407 1639.33000 1639.33000 1118.81062 31.75196 100.00000 67.05971 706805 706804 2006.13714 2001.70364 858.30726 0 -1 652933 4 
noOPTF bubbles8 2D 1.00000 0.04651 497 1972.99000 1972.99000 1245.88372 36.85301 100.00000 69.76400 651681 651680 2057.09182 2052.88406 775.86371 0 -1 600362 4 
noOPTF bubbles9 2D 1.00000 0.04444 595 2330.31000 2330.31000 1366.99584 41.33846 100.00000 71.97330 565624 565623 1987.34418 1983.65916 668.75445 0 -1 520949 4 
noOPTF chaoSingleDep 2D 1.00000 0.02525 201 1022.88000 1022.88000 1022.49002 0.03813 100.00000 54.11080 9706147 9706146 14400.01031 14384.25021 13449.37772 0 -1 304505 4 
noOPTF concentricCircles2 2D 1.00000 0.02500 37 153.13217 153.13217 152.08511 0.68377 100.00000 55.59392 8023493 8023492 14400.00954 14391.75498 14104.24982 0 -1 318702 4 
noOPTF concentricCircles3 2D 1.00000 0.02308 61 271.07586 271.07586 251.42357 7.24974 100.00000 60.18136 7991944 7991943 14400.00475 14382.58903 13564.69860 0 -1 2055751 4 
noOPTF concentricCircles4 2D 1.00000 0.02143 105 454.45654 454.45654 369.27631 18.74332 100.00000 67.43363 4373205 4373204 7330.04072 7307.12724 5511.93057 0 -1 3371765 4 
noOPTF concentricCircles5 2D 1.00000 0.02000 149 645.38050 645.38050 466.57659 27.70519 100.00000 70.86990 2407325 2407324 4927.81757 4914.02336 2808.27664 0 -1 2237200 4 
noOPTF rotatingDiamonds3 2D 1.00000 0.01538 181 380.88233 380.88233 353.85277 7.09657 100.00000 57.54447 4010672 4010671 6120.85281 6111.88326 4838.28483 0 -1 1405182 4 
noOPTF rotatingDiamonds4 2D 1.00000 0.01176 321 770.66015 770.66015 594.09984 22.91027 100.00000 64.70558 1035320 1035319 2303.82739 2299.30072 1073.30180 0 -1 951366 4 
noOPTF rotatingDiamonds5 2D 1.00000 0.01053 681 1510.75230 1510.75230 1096.71262 27.40619 100.00000 66.82998 507805 507804 1586.33597 1583.86513 474.97251 0 -1 465355 4 
