noOPTF d493 3D 0.10000 0.00501 493 1353.13721 1353.13721 439.26410 67.53736 100.00000 74.87015 1171283 1171282 14400.71875 6276.18750 3294.62500 0 -1 877853 4 
noOPTF d493 3D 0.50000 0.02507 493 665.05552 665.05552 415.57034 37.51344 100.00000 50.39053 876064 876063 14400.32812 1287.57812 853.28125 0 -1 570303 4 
noOPTF dsj1000 3D 0.10000 0.02215 1000 3147.86523 3147.86523 582.57213 81.49310 100.00000 89.34030 516406 516405 10471.81250 5003.26562 1560.21875 0 -1 457848 4 
noOPTF dsj1000 3D 0.50000 0.11074 1000 1021.25155 1021.25155 552.22396 45.92674 100.00000 70.38386 249285 249284 3619.54688 578.39062 381.07812 0 -1 200528 4 
noOPTF kroD100 3D 0.10000 0.01976 100 202.02117 202.02117 143.31332 29.06024 100.00000 56.09841 1010701 1010700 14400.14062 1014.06250 906.57812 0 -1 483139 4 
noOPTF lin318 3D 0.10000 0.02039 318 3044.26999 3044.26999 1909.55238 37.27388 100.00000 62.92741 1181305 1181304 14400.50000 1998.39062 1509.67188 0 -1 647146 4 
noOPTF pcb442 3D 0.10000 0.02000 442 404.48979 404.48979 176.63841 56.33056 100.00000 72.74045 1293082 1293081 14400.54688 4609.26562 2878.87500 0 -1 949898 4 
noOPTF pcb442 3D 0.50000 0.10000 442 154.80989 143.95456 137.27998 11.32351 4.63658 29.94795 658350 658349 14400.31250 426.79688 352.31250 238460 -1 166774 4 
noOPTF rat195 3D 0.10000 0.01959 195 291.25837 291.25837 117.83536 59.54267 100.00000 75.77872 1224686 1224685 14400.09375 2420.01562 1746.37500 0 -1 945853 4 
noOPTF rat195 3D 0.50000 0.09797 195 112.40474 100.35649 87.09517 22.51646 13.21421 37.33445 976086 976085 14400.54688 962.40625 896.78125 896731 -1 248706 4 
noOPTF rd400 3D 0.10000 0.01991 400 3218.19754 3218.19754 704.26834 78.11606 100.00000 88.58020 1151974 1151973 14400.59375 6098.78125 3222.01562 0 -1 1032341 4 
noOPTF rd400 3D 0.50000 0.09957 400 1552.72265 1552.72265 705.96163 54.53395 100.00000 78.08274 922698 922697 11918.23438 2023.51562 1358.00000 0 -1 766632 4 
noOPTF rd400 3D 1.50000 0.29871 400 539.95415 452.16991 450.94691 16.48422 0.27047 39.37477 917841 917840 14400.27199 949.37500 906.41982 758230 -1 63154 4 

