OPTF d493 2D 0.50000 0.10000 493 101.73460 100.72082 100.72136 9.07265 8340 8339 12.57351 12.25616 11.22785 8161 -1 988 4 
OPTF d493 2D 0.60000 0.12000 493  - 94.42492 94.42592 5.44664 649 648 1.84635 1.56366 0.70087 525 -1 341 4 
OPTF d493 2D 0.70000 0.14000 493  - 90.01433 90.09141 3.35525 103 102 0.87608 0.60275 0.09033 90 -1 58 4 
OPTF d493 2D 0.80000 0.16000 493  - 86.93246 86.94179 2.54529 26 25 0.55871 0.27634 0.01839 19 -1 16 4 
OPTF d493 2D 0.90000 0.18000 493  - 84.37521 84.39339 2.27063 13 12 0.97139 0.70636 0.00811 11 -1 7 4 
OPTF d493 2D 1.00000 0.20000 493  - 81.85936 81.86311 2.01077 13 12 1.64643 1.37473 0.00819 11 -1 7 4 
OPTF d493 2D 1.10000 0.22000 493  - 79.38109 0.00000 1.76212 4 3 0.74507 0.47173 0.00209 1 -1 1 4 
OPTF d493 2D 1.20000 0.24000 493  - 76.93393 0.00000 1.51708 4 3 1.09985 0.82669 0.00213 1 -1 1 4 
OPTF d493 2D 1.30000 0.26000 493  - 74.51316 0.00000 1.26918 4 3 1.57029 1.28997 0.00218 1 -1 1 4 
OPTF d493 2D 1.40000 0.28000 493  - 72.12037 0.00000 1.01963 4 3 0.98222 0.69362 0.00224 1 -1 1 4 
OPTF d493 2D 1.50000 0.30000 493 69.75773 69.75773 0.00000 0.77047 4 3 0.28250 0.00178 0.00213 0 -1 1 4 
OPTF dsj1000 2D 0.50000 0.11074 1000 376.09882 373.75928 373.75941 26.99957 837079 837078 1965.23871 1961.22215 1893.68569 827111 -1 74533 4 
OPTF dsj1000 2D 0.60000 0.13289 1000  - 336.34488 336.34488 21.34991 83310 83309 203.63225 199.63323 161.40311 81245 -1 72142 4 
OPTF dsj1000 2D 0.70000 0.15504 1000  - 309.20359 309.20359 17.12309 11985 11984 25.01686 24.23809 19.28569 11970 -1 5150 4 
OPTF dsj1000 2D 0.80000 0.17718 1000  - 285.90345 285.90564 13.25201 2214 2213 5.74447 5.10678 2.70883 2190 -1 990 4 
OPTF dsj1000 2D 0.90000 0.19933 1000  - 265.27834 265.27904 9.60132 1214 1213 3.75090 3.15963 1.59856 986 -1 297 4 
OPTF dsj1000 2D 1.00000 0.22148 1000  - 251.68077 251.90543 7.96379 230 229 1.21530 0.63163 0.22112 124 -1 106 4 
OPTF dsj1000 2D 1.10000 0.24363 1000  - 239.93539 240.11309 6.84792 276 275 1.16273 0.59116 0.26853 156 -1 136 4 
OPTF dsj1000 2D 1.20000 0.26578 1000  - 228.90616 229.27600 5.89526 289 288 1.18400 0.61229 0.27970 169 -1 147 4 
OPTF dsj1000 2D 1.30000 0.28792 1000  - 218.80188 238.59505 5.22973 102 101 4.16375 3.60612 0.08463 75 -1 15 4 
OPTF dsj1000 2D 1.40000 0.31007 1000  - 209.26036 223.67215 4.73634 18 17 0.83587 0.25789 0.01195 8 -1 7 4 
OPTF dsj1000 2D 1.50000 0.33222 1000 199.94784 199.94784 0.00000 4.28355 18 17 0.58333 0.01359 0.01190 0 -1 3 4 
OPTF kroD100 2D 0.30000 0.05929 100  - 109.35425 109.35454 23.43727 259508 259507 500.28754 498.29274 456.96241 257940 -1 243990 4 
OPTF kroD100 2D 0.40000 0.07905 100  - 96.89527 96.89603 16.03943 5499 5498 9.10350 9.01741 8.17922 5336 -1 4938 4 
OPTF kroD100 2D 0.50000 0.09881 100 89.66791 89.66791 0.00000 11.89749 799 798 0.88369 0.82745 0.80315 0 -1 28 4 
OPTF kroD100 2D 0.60000 0.11857 100  - 85.25724 85.26960 10.08050 416 415 0.48572 0.43317 0.37584 238 -1 201 4 
OPTF kroD100 2D 0.70000 0.13833 100  - 81.67149 81.67534 8.97162 13 12 0.08977 0.03485 0.00754 11 -1 7 4 
OPTF kroD100 2D 0.80000 0.15809 100  - 78.55212 81.63386 8.28432 18 17 0.37271 0.31483 0.01154 11 -1 7 4 
OPTF kroD100 2D 0.90000 0.17786 100  - 75.51015 78.07633 7.60842 18 17 0.09431 0.03638 0.01140 8 -1 7 4 
OPTF kroD100 2D 1.00000 0.19762 100  - 72.54124 74.59328 6.94032 8 7 0.09609 0.04109 0.00479 6 -1 4 4 
OPTF kroD100 2D 1.10000 0.21738 100  - 69.62674 71.19324 6.25611 8 7 0.18718 0.13443 0.00411 6 -1 4 4 
OPTF kroD100 2D 1.20000 0.23714 100  - 66.76600 0.00000 5.55205 4 3 0.14459 0.08660 0.00217 1 -1 1 4 
OPTF kroD100 2D 1.30000 0.25690 100  - 63.96157 0.00000 4.82806 4 3 0.13502 0.07709 0.00221 1 -1 1 4 
OPTF kroD100 2D 1.40000 0.27666 100  - 61.21753 0.00000 4.08592 4 3 0.10791 0.05312 0.00210 1 -1 1 4 
OPTF kroD100 2D 1.50000 0.29643 100 58.54121 58.54121 0.00000 3.33232 4 3 0.05975 0.00165 0.00204 0 -1 1 4 
OPTF lin318 2D 0.50000 0.10195 318 1408.48207 1394.62615 1394.62692 26.83311 1118667 1118666 1844.83514 1842.26252 1780.46412 1117888 -1 129652 4 
OPTF lin318 2D 0.60000 0.12234 318  - 1249.00838 1249.01011 20.43286 190476 190475 357.01044 354.79712 324.58502 146636 -1 90816 4 
OPTF lin318 2D 0.70000 0.14273 318  - 1131.28826 1131.29305 14.49429 45977 45976 76.83483 76.17491 68.72035 41313 -1 23896 4 
OPTF lin318 2D 0.80000 0.16312 318  - 1039.72146 1039.72351 9.49930 10090 10089 15.74326 15.52004 13.99222 7118 -1 1809 4 
OPTF lin318 2D 0.90000 0.18351 318  - 978.27006 978.45064 6.49608 26 25 0.32171 0.15007 0.01597 20 -1 16 4 
OPTF lin318 2D 1.00000 0.20390 318  - 937.83800 958.54238 5.24841 8 7 0.31835 0.14686 0.00430 7 -1 4 4 
OPTF lin318 2D 1.10000 0.22429 318  - 900.49524 920.47683 4.20324 8 7 0.30458 0.12877 0.00439 7 -1 4 4 
OPTF lin318 2D 1.20000 0.24468 318  - 864.44716 883.24521 3.19696 8 7 0.27661 0.10528 0.00446 7 -1 4 4 
OPTF lin318 2D 1.30000 0.26507 318  - 829.85396 846.95726 2.25780 8 7 0.27197 0.10080 0.00464 7 -1 4 4 
OPTF lin318 2D 1.40000 0.28545 318  - 796.92488 811.74332 1.42501 8 7 0.25875 0.08301 0.00473 7 -1 4 4 
OPTF lin318 2D 1.50000 0.30584 318 765.96407 765.96407 0.00000 0.75667 8 7 0.17869 0.00455 0.00458 0 -1 2 4 
OPTF pcb442 2D 0.80000 0.16000 442  - 108.82416 108.82421 13.75226 459142 459141 830.17908 822.93587 743.23688 280418 -1 262532 4 
OPTF pcb442 2D 0.90000 0.18000 442  - 102.31592 102.31592 10.47435 930453 930452 1481.48259 1478.88621 1439.45347 831564 -1 31996 4 
OPTF pcb442 2D 1.00000 0.20000 442  - 97.99430 98.00860 8.81191 216 215 0.83422 0.60505 0.18329 181 -1 84 4 
OPTF pcb442 2D 1.10000 0.22000 442  - 94.64571 94.64872 7.93060 30 29 0.55278 0.32164 0.01882 21 -1 15 4 
OPTF pcb442 2D 1.20000 0.24000 442  - 91.77774 0.00000 7.44830 4 3 0.41436 0.18423 0.00194 1 -1 1 4 
OPTF pcb442 2D 1.30000 0.26000 442  - 88.99432 0.00000 6.99783 4 3 0.47684 0.24526 0.00203 1 -1 1 4 
OPTF pcb442 2D 1.40000 0.28000 442  - 86.24676 0.00000 6.52941 4 3 0.66956 0.43840 0.00215 1 -1 1 4 
OPTF pcb442 2D 1.50000 0.30000 442 83.53733 83.53733 0.00000 6.04280 4 3 0.23765 0.00156 0.00186 0 -1 1 4 
OPTF rat195 2D 0.50000 0.09797 195 68.08302 67.99089 67.99111 9.99955 4736 4735 5.83817 5.73296 5.46213 4594 -1 362 4 
OPTF rat195 2D 0.60000 0.11756 195  - 64.89911 64.90956 8.35454 31 30 0.31616 0.21300 0.01988 27 -1 16 4 
OPTF rat195 2D 0.70000 0.13715 195  - 62.53784 0.00000 7.61546 4 3 0.16435 0.06084 0.00192 1 -1 1 4 
OPTF rat195 2D 0.80000 0.15675 195  - 60.29309 0.00000 6.97540 4 3 0.17855 0.07591 0.00191 1 -1 1 4 
OPTF rat195 2D 0.90000 0.17634 195  - 58.08131 0.00000 6.31373 4 3 0.18049 0.07777 0.00189 1 -1 1 4 
OPTF rat195 2D 1.00000 0.19593 195  - 55.90521 0.00000 5.63202 4 3 0.20955 0.10648 0.00198 1 -1 1 4 
OPTF rat195 2D 1.10000 0.21553 195  - 53.76802 0.00000 4.93290 4 3 0.24186 0.13905 0.00195 1 -1 1 4 
OPTF rat195 2D 1.20000 0.23512 195  - 51.67363 0.00000 4.22045 4 3 0.36978 0.26603 0.00190 1 -1 1 4 
OPTF rat195 2D 1.30000 0.25471 195  - 49.62681 0.00000 3.50086 4 3 0.30528 0.20235 0.00201 1 -1 1 4 
OPTF rat195 2D 1.40000 0.27431 195  - 47.63356 0.00000 2.78327 4 3 0.27510 0.17758 0.00189 1 -1 1 4 
OPTF rat195 2D 1.50000 0.29390 195 45.70165 45.70165 0.00000 2.07235 4 3 0.10391 0.00150 0.00181 0 -1 1 4 
OPTF rd400 2D 0.80000 0.15968 400  - 335.11141 335.11189 24.66195 231351 231350 447.98640 446.49839 429.24502 227257 -1 35588 4 
OPTF rd400 2D 0.90000 0.17964 400  - 306.61873 306.61873 19.78482 3050 3049 4.73410 4.49560 3.50800 3034 -1 2610 4 
OPTF rd400 2D 1.00000 0.19960 400  - 285.99258 285.99431 16.26674 2278 2277 3.89994 3.65557 2.56063 2260 -1 1913 4 
OPTF rd400 2D 1.10000 0.21956 400  - 267.15892 267.17329 12.78011 576 575 1.09706 0.88374 0.61480 489 -1 195 4 
OPTF rd400 2D 1.20000 0.23952 400  - 253.36084 253.38170 10.56631 115 114 1.09749 0.88392 0.10412 96 -1 68 4 
OPTF rd400 2D 1.30000 0.25948 400  - 243.32346 253.28042 9.50541 13 12 0.30737 0.09052 0.00758 8 -1 7 4 
OPTF rd400 2D 1.40000 0.27944 400  - 233.92684 241.26366 8.59088 13 12 0.31816 0.10554 0.00757 8 -1 7 4 
OPTF rd400 2D 1.50000 0.29940 400 224.83865 224.83865 0.00000 7.71221 25 24 0.23470 0.01712 0.01625 0 -1 3 4 
