noOPTF d493 2D 0.10000 0.02000 493 202.79343 202.79343 146.01431 27.99850 100.00000 50.24055 743650 743649 2019.99513 2014.84078 921.09958 0 -1 686051 4 
noOPTF d493 2D 0.20000 0.04000 493  - 10000001.00000 133.29098 99.99867 100.00000 99.99901 573355 573354 1394.10296 1390.94624 782.40923 0 -1 531037 4 
noOPTF d493 2D 0.30000 0.06000 493  - 10000001.00000 121.17111 99.99879 100.00000 99.99904 454448 454447 962.75625 960.32730 649.70869 0 -1 422671 4 
noOPTF d493 2D 0.40000 0.08000 493  - 10000001.00000 110.19418 99.99890 100.00000 99.99906 422868 422867 908.11266 905.93531 754.91478 0 -1 400029 4 
noOPTF dsj1000 2D 0.10000 0.02215 1000 935.74295 935.74295 554.15366 40.77929 100.00000 67.25615 375601 375600 1624.12979 1621.43093 453.25990 0 -1 346362 4 
noOPTF dsj1000 2D 0.20000 0.04430 1000  - 10000001.00000 508.06786 99.99492 100.00000 99.99702 286599 286598 980.28327 978.12625 373.01852 0 -1 265465 4 
noOPTF dsj1000 2D 0.30000 0.06644 1000  - 10000001.00000 462.09531 99.99538 100.00000 99.99710 228783 228782 654.30750 652.53915 331.88341 0 -1 213399 4 
noOPTF dsj1000 2D 0.40000 0.08859 1000  - 10000001.00000 415.71919 99.99584 100.00000 99.99719 211825 211824 553.07737 551.48143 366.28489 0 -1 199952 4 
noOPTF kroD100 2D 0.10000 0.01976 100 159.03800 159.03800 146.44976 7.91524 100.00000 44.34446 8812493 8812492 14400.00136 14375.57914 13107.06645 0 -1 2904668 4 
noOPTF kroD100 2D 0.20000 0.03952 100  - 10000001.00000 127.22906 99.99873 100.00000 99.99914 2641125 2641124 5243.76073 5226.64709 4594.59177 0 -1 2497457 4 
noOPTF lin318 2D 0.10000 0.02039 318 2842.32000 2842.32000 1998.27259 29.69572 100.00000 60.31532 1123448 1123447 2785.78020 2779.50745 1287.36007 0 -1 1040645 4 
noOPTF lin318 2D 0.20000 0.04078 318  - 10000001.00000 1836.69600 99.98163 100.00000 99.98899 975780 975779 2017.16011 2012.05537 1238.06846 0 -1 907275 4 
noOPTF lin318 2D 0.30000 0.06117 318  - 10000001.00000 1679.75229 99.98320 100.00000 99.98926 790837 790836 1469.37970 1466.05881 1017.30137 0 -1 738141 4 
noOPTF lin318 2D 0.40000 0.08156 318  - 10000001.00000 1535.80686 99.98464 100.00000 99.98953 746914 746913 1326.30034 1323.47815 1028.31994 0 -1 699684 4 
noOPTF pcb442 2D 0.10000 0.02000 442 323.03367 323.03367 186.23429 42.34834 100.00000 65.89691 943928 943927 2264.57653 2260.03711 1030.87188 0 -1 870278 4 
noOPTF pcb442 2D 0.20000 0.04000 442  - 10000001.00000 172.39163 99.99828 100.00000 99.99892 676278 676277 1458.05663 1454.90611 773.15451 0 -1 624251 4 
noOPTF pcb442 2D 0.30000 0.06000 442  - 10000001.00000 159.58173 99.99840 100.00000 99.99895 629621 629620 1232.92457 1230.10407 755.20685 0 -1 582917 4 
noOPTF pcb442 2D 0.40000 0.08000 442  - 10000001.00000 147.28982 99.99853 100.00000 99.99897 555754 555753 1017.45385 1015.20476 680.73958 0 -1 515956 4 
noOPTF pcb442 2D 0.50000 0.10000 442 147.24441 147.24441 137.27883 6.76805 100.00000 31.57958 1180714 1180713 1819.63692 1817.42585 1556.64749 0 -1 452046 4 
noOPTF pcb442 2D 0.60000 0.12000 442  - 10000001.00000 125.93389 99.99874 100.00000 99.99902 469481 469480 799.70558 798.13488 628.03633 0 -1 438566 4 
noOPTF pcb442 2D 0.70000 0.14000 442  - 10000001.00000 116.85717 99.99883 100.00000 99.99904 463787 463786 757.90743 756.41321 620.51529 0 -1 432891 4 
noOPTF rat195 2D 0.10000 0.01959 195 158.78519 158.78519 109.03748 31.33020 100.00000 57.06563 1789368 1789367 3477.34033 3468.08273 2149.51120 0 -1 1663434 4 
noOPTF rat195 2D 0.20000 0.03919 195  - 10000001.00000 97.39899 99.99903 100.00000 99.99934 1400461 1400460 2422.21838 2415.92822 1825.91334 0 -1 1308211 4 
noOPTF rat195 2D 0.30000 0.05878 195  - 10000001.00000 86.20677 99.99914 100.00000 99.99935 1268693 1268692 2101.54446 2096.29441 1735.84173 0 -1 1189943 4 
noOPTF rat195 2D 0.40000 0.07837 195  - 10000001.00000 75.91888 99.99924 100.00000 99.99937 1211475 1211474 2034.74256 2030.23841 1809.59203 0 -1 1143496 4 
noOPTF rd400 2D 0.10000 0.01996 400 1033.41434 1033.41434 568.88779 44.95066 100.00000 71.08943 1035375 1035374 2354.85345 2349.97831 1075.73101 0 -1 955634 4 
noOPTF rd400 2D 0.20000 0.03992 400  - 10000001.00000 530.57783 99.99469 100.00000 99.99708 798004 798003 1678.86814 1675.15871 880.63833 0 -1 737757 4 
noOPTF rd400 2D 0.30000 0.05988 400  - 10000001.00000 495.99436 99.99504 100.00000 99.99715 703490 703489 1395.66762 1392.46457 818.76488 0 -1 651795 4 
noOPTF rd400 2D 0.40000 0.07984 400  - 10000001.00000 462.23937 99.99538 100.00000 99.99721 663630 663629 1246.74191 1243.84969 804.39954 0 -1 616237 4 
noOPTF rd400 2D 0.50000 0.09980 400 466.10166 466.10166 433.21595 7.05548 100.00000 41.60915 1589722 1589721 2491.76319 2488.66039 2136.82093 0 -1 584097 4 
noOPTF rd400 2D 0.60000 0.11976 400  - 10000001.00000 396.41853 99.99604 100.00000 99.99734 541462 541461 930.67365 928.70409 729.89836 0 -1 505634 4 
noOPTF rd400 2D 0.70000 0.13972 400  - 10000001.00000 365.64817 99.99634 100.00000 99.99741 498007 498006 913.41111 911.73405 775.44461 0 -1 469228 4 
