noOPTF CETSP-100-1 2D 0.25000 0.01566 101 999.00000 999.00000 69.08532 93.08455 100.00000 96.62610 2917052 2917051 6243.28872 6218.92346 4141.90583 0 -1 2716438 4 
noOPTF CETSP-100-1 2D 0.50000 0.03131 101 999.00000 999.00000 64.00313 93.59328 100.00000 96.72220 2395907 2395906 5164.40475 5143.07081 3693.18300 0 -1 2239311 4 
noOPTF CETSP-100-1 2D 1.00000 0.06262 101 999.00000 999.00000 54.09440 94.58515 100.00000 96.91374 1905419 1905418 4069.48828 4056.55470 3203.81524 0 -1 1796666 4 
noOPTF CETSP-100-10 2D 0.25000 0.01565 101 999.00000 999.00000 69.78862 93.01415 100.00000 96.46575 2824062 2824061 6420.48363 6395.96048 4291.64044 0 -1 2630973 4 
noOPTF CETSP-100-10 2D 0.50000 0.03129 101 999.00000 999.00000 64.60640 93.53289 100.00000 96.55906 2281589 2281588 4771.70117 4753.48048 3434.17206 0 -1 2133519 4 
noOPTF CETSP-100-10 2D 1.00000 0.06259 101 999.00000 999.00000 52.92463 94.70224 100.00000 96.74519 2122303 2122302 14400.33833 14315.60179 13375.55357 0 -1 2078927 4 
noOPTF CETSP-100-2 2D 0.25000 0.01566 101 999.00000 999.00000 69.50913 93.04213 100.00000 96.49666 2797286 2797285 6244.34494 6219.93421 4198.79840 0 -1 2603011 4 
noOPTF CETSP-100-2 2D 0.50000 0.03132 101 999.00000 999.00000 64.17688 93.57589 100.00000 96.59671 2200700 2200699 4798.52017 4779.15209 3502.69698 0 -1 2058560 4 
noOPTF CETSP-100-2 2D 1.00000 0.06264 101 999.00000 999.00000 51.70368 94.82446 100.00000 96.79680 2478082 2478081 14400.41242 14249.73868 12983.51605 0 -1 2434230 4 
noOPTF CETSP-100-3 2D 0.25000 0.01588 101 999.00000 999.00000 68.20048 93.17312 100.00000 96.61529 2756418 2756417 5932.57441 5907.60421 3998.61757 0 -1 2560982 4 
noOPTF CETSP-100-3 2D 0.50000 0.03177 101 999.00000 999.00000 62.97569 93.69613 100.00000 96.70905 2202994 2202993 4900.11356 4878.10186 3509.05888 0 -1 2053645 4 
noOPTF CETSP-100-3 2D 1.00000 0.06354 101 999.00000 999.00000 50.64950 94.92998 100.00000 96.89610 2251350 2251349 12255.55660 11922.89540 10708.62808 0 -1 2203655 4 
noOPTF CETSP-100-4 2D 0.25000 0.01582 101 999.00000 999.00000 64.99427 93.49407 100.00000 96.55799 2840648 2840647 6452.12048 6426.30709 4349.71327 0 -1 2644637 4 
noOPTF CETSP-100-4 2D 0.50000 0.03165 101 999.00000 999.00000 59.61625 94.03241 100.00000 96.65505 2298540 2298539 5290.14649 5268.98023 3799.88880 0 -1 2151950 4 
noOPTF CETSP-100-4 2D 1.00000 0.06329 101 999.00000 999.00000 49.14217 95.08086 100.00000 96.84888 1997492 1997491 5282.85924 5266.26908 4169.69496 0 -1 1902509 4 
noOPTF CETSP-100-5 2D 0.25000 0.01591 101 999.00000 999.00000 65.08945 93.48454 100.00000 96.22113 2745153 2745152 5456.26314 5431.96559 3740.18430 0 -1 2552727 4 
noOPTF CETSP-100-5 2D 0.50000 0.03183 101 999.00000 999.00000 60.12429 93.98155 100.00000 96.30012 2228053 2228052 4816.29381 4795.19900 3553.20249 0 -1 2078502 4 
noOPTF CETSP-100-5 2D 1.00000 0.06366 101 999.00000 999.00000 49.41207 95.05385 100.00000 96.45701 2134253 2134252 9767.77699 9486.31606 8482.89883 0 -1 2075164 4 
noOPTF CETSP-100-6 2D 0.25000 0.01569 101 999.00000 999.00000 69.80981 93.01203 100.00000 96.44645 2740747 2740746 5826.23529 5802.18672 3918.83963 0 -1 2556606 4 
noOPTF CETSP-100-6 2D 0.50000 0.03137 101 999.00000 999.00000 64.19148 93.57443 100.00000 96.53836 2246268 2246267 4893.15577 4871.57031 3519.87694 0 -1 2107633 4 
noOPTF CETSP-100-6 2D 1.00000 0.06274 101 999.00000 999.00000 52.38773 94.75598 100.00000 96.72129 2490514 2490513 12298.26102 12236.02784 10954.50460 0 -1 2419545 4 
noOPTF CETSP-100-7 2D 0.25000 0.01565 101 999.00000 999.00000 68.97930 93.09517 100.00000 96.31686 2903205 2903204 6187.25859 6160.34353 4080.73942 0 -1 2702395 4 
noOPTF CETSP-100-7 2D 0.50000 0.03129 101 999.00000 999.00000 63.63910 93.62972 100.00000 96.40904 2338510 2338509 4975.16256 4952.89182 3536.54118 0 -1 2183985 4 
noOPTF CETSP-100-7 2D 1.00000 0.06258 101 999.00000 999.00000 52.38831 94.75593 100.00000 96.59284 2305755 2305754 11709.35034 11562.24234 10379.35489 0 -1 2235930 4 
noOPTF CETSP-100-8 2D 0.25000 0.01613 101 999.00000 999.00000 67.97585 93.19561 100.00000 96.69710 2738660 2738659 6024.96110 5998.97666 3977.00717 0 -1 2549177 4 
noOPTF CETSP-100-8 2D 0.50000 0.03226 101 999.00000 999.00000 62.46635 93.74711 100.00000 96.78962 2183811 2183810 4883.17039 4861.54645 3509.63822 0 -1 2043054 4 
noOPTF CETSP-100-8 2D 1.00000 0.06453 101 999.00000 999.00000 50.44262 94.95069 100.00000 96.97404 2173780 2173779 10497.70688 10169.10558 9221.21315 0 -1 2123385 4 
noOPTF CETSP-100-9 2D 0.25000 0.01566 101 999.00000 999.00000 67.67434 93.22579 100.00000 96.21843 2855165 2855164 6560.84259 6532.82981 4231.74836 0 -1 2654110 4 
noOPTF CETSP-100-9 2D 0.50000 0.03132 101 999.00000 999.00000 62.48966 93.74478 100.00000 96.30314 2361912 2361911 5596.94526 5572.92960 3870.96046 0 -1 2205967 4 
noOPTF CETSP-100-9 2D 1.00000 0.06265 101 999.00000 999.00000 51.46308 94.84854 100.00000 96.45995 2308538 2308537 14400.30163 14275.30390 13331.82119 0 -1 2261185 4 
noOPTF CETSP-150-1 2D 0.25000 0.01571 151 999.00000 999.00000 71.29581 92.86328 100.00000 96.54347 2365120 2365119 5786.76094 5767.53458 3287.84929 0 -1 2197365 4 
noOPTF CETSP-150-1 2D 0.50000 0.03141 151 999.00000 999.00000 65.35867 93.45759 100.00000 96.63750 1818960 1818959 4386.10448 4369.65182 2742.13123 0 -1 1694603 4 
noOPTF CETSP-150-1 2D 1.00000 0.06282 151 999.00000 999.00000 55.71326 94.42310 100.00000 96.79905 1285655 1285654 3252.02279 3240.79049 2286.35049 0 -1 1210592 4 
noOPTF CETSP-150-10 2D 0.25000 0.01593 151 999.00000 999.00000 67.42378 93.25087 100.00000 96.72716 2430458 2430457 5782.38948 5762.61169 3279.09003 0 -1 2259086 4 
noOPTF CETSP-150-10 2D 0.50000 0.03185 151 999.00000 999.00000 62.04406 93.78938 100.00000 96.82018 1830506 1830505 4283.09530 4265.92702 2700.35953 0 -1 1708780 4 
noOPTF CETSP-150-10 2D 1.00000 0.06370 151 999.00000 999.00000 51.42177 94.85268 100.00000 97.00530 1277672 1277671 3630.75217 3620.40389 2547.58730 0 -1 1212481 4 
noOPTF CETSP-150-2 2D 0.25000 0.01572 151 999.00000 999.00000 70.27666 92.96530 100.00000 96.15725 2204652 2204651 5389.57930 5369.56585 3081.79762 0 -1 2049661 4 
noOPTF CETSP-150-2 2D 0.50000 0.03145 151 999.00000 999.00000 65.12540 93.48094 100.00000 96.23600 1769379 1769378 4029.09082 4014.00669 2553.06869 0 -1 1649066 4 
noOPTF CETSP-150-2 2D 1.00000 0.06289 151 999.00000 999.00000 55.20227 94.47425 100.00000 96.39255 1287551 1287550 2935.89542 2925.98394 2104.18397 0 -1 1209580 4 
noOPTF CETSP-150-3 2D 0.25000 0.01578 151 999.00000 999.00000 66.72778 93.32054 100.00000 96.51447 2370962 2370961 5971.07991 5947.40902 3406.74411 0 -1 2202702 4 
noOPTF CETSP-150-3 2D 0.50000 0.03156 151 999.00000 999.00000 61.53347 93.84049 100.00000 96.60337 1813160 1813159 4175.09215 4158.46699 2644.11626 0 -1 1689665 4 
noOPTF CETSP-150-3 2D 1.00000 0.06312 151 999.00000 999.00000 52.01704 94.79309 100.00000 96.78014 1306053 1306052 3100.92742 3089.74808 2164.06631 0 -1 1228337 4 
noOPTF CETSP-150-4 2D 0.25000 0.01576 151 999.00000 999.00000 70.45595 92.94735 100.00000 96.55407 2261849 2261848 5447.29799 5424.92473 3155.27595 0 -1 2099001 4 
noOPTF CETSP-150-4 2D 0.50000 0.03152 151 999.00000 999.00000 65.44972 93.44848 100.00000 96.64620 1779988 1779987 4133.21054 4117.66486 2633.79931 0 -1 1656807 4 
noOPTF CETSP-150-4 2D 1.00000 0.06303 151 999.00000 999.00000 55.49223 94.44522 100.00000 96.82956 1303967 1303966 3267.81587 3256.54418 2291.62640 0 -1 1226904 4 
noOPTF CETSP-150-5 2D 0.25000 0.01564 151 999.00000 999.00000 70.08779 92.98421 100.00000 95.99731 2286244 2286243 5660.33213 5637.57512 3262.24951 0 -1 2120288 4 
noOPTF CETSP-150-5 2D 0.50000 0.03128 151 999.00000 999.00000 65.08377 93.48511 100.00000 96.07677 1770352 1770351 4077.30438 4060.95129 2605.62909 0 -1 1645882 4 
noOPTF CETSP-150-5 2D 1.00000 0.06257 151 999.00000 999.00000 55.43116 94.45133 100.00000 96.23476 1304610 1304609 3030.96474 3019.70617 2133.71300 0 -1 1222415 4 
noOPTF CETSP-150-6 2D 0.25000 0.01582 151 999.00000 999.00000 69.60485 93.03255 100.00000 96.00352 2394070 2394069 5632.82841 5610.30211 3215.26068 0 -1 2221588 4 
noOPTF CETSP-150-6 2D 0.50000 0.03165 151 999.00000 999.00000 64.82859 93.51065 100.00000 96.08713 1851365 1851364 4414.50210 4396.54093 2728.86930 0 -1 1719622 4 
noOPTF CETSP-150-6 2D 1.00000 0.06330 151 999.00000 999.00000 55.48329 94.44612 100.00000 96.25294 1320439 1320438 3144.56628 3133.45701 2165.60228 0 -1 1236617 4 
noOPTF CETSP-150-7 2D 0.25000 0.01578 151 999.00000 999.00000 68.63531 93.12960 100.00000 96.35539 2324153 2324152 5818.53067 5795.32738 3361.74473 0 -1 2161422 4 
noOPTF CETSP-150-7 2D 0.50000 0.03156 151 999.00000 999.00000 63.46281 93.64737 100.00000 96.44600 1791145 1791144 4362.81708 4345.60962 2779.35499 0 -1 1670334 4 
noOPTF CETSP-150-7 2D 1.00000 0.06312 151 999.00000 999.00000 53.82526 94.61209 100.00000 96.62633 1285691 1285690 2995.91186 2985.29871 2115.89591 0 -1 1205037 4 
noOPTF CETSP-150-8 2D 0.25000 0.01567 151 999.00000 999.00000 66.73153 93.32017 100.00000 96.17175 2317779 2317778 5831.60678 5808.78369 3368.22490 0 -1 2154425 4 
noOPTF CETSP-150-8 2D 0.50000 0.03134 151 999.00000 999.00000 61.99271 93.79452 100.00000 96.25878 1806508 1806507 4416.98353 4399.66982 2740.73313 0 -1 1681117 4 
noOPTF CETSP-150-8 2D 1.00000 0.06267 151 999.00000 999.00000 52.29260 94.76551 100.00000 96.43178 1288622 1288621 3212.49584 3202.32392 2254.65968 0 -1 1211718 4 
noOPTF CETSP-150-9 2D 0.25000 0.01574 151 999.00000 999.00000 70.06547 92.98644 100.00000 96.58783 2332192 2332191 5844.25053 5821.57655 3293.40724 0 -1 2165091 4 
noOPTF CETSP-150-9 2D 0.50000 0.03147 151 999.00000 999.00000 64.97344 93.49615 100.00000 96.68673 1796321 1796320 4275.01671 4257.71059 2685.13729 0 -1 1671282 4 
noOPTF CETSP-150-9 2D 1.00000 0.06295 151 999.00000 999.00000 55.05649 94.48884 100.00000 96.88429 1291198 1291197 3047.89819 3036.94445 2150.77142 0 -1 1212551 4 
noOPTF CETSP-50-9 2D 0.25000 0.01588 51 999.00000 999.00000 63.86336 93.60727 100.00000 96.90657 6139094 6139093 12624.11347 12553.68690 10703.84915 0 -1 5762972 4 
