OPTF CETSP-50-1 2D 0.25000 0.01566 51 999.00000 63.64965 63.64965 48.12946 671115 671114 1208.28807 1198.92948 1017.25028 671095 -1 624477 4 
OPTF CETSP-50-1 2D 0.50000 0.03131 51 999.00000 56.42891 56.42891 43.11766 59504 59503 102.04961 101.38522 88.33732 59502 -1 55061 4 
OPTF CETSP-50-1 2D 1.00000 0.06262 51 999.00000 46.30989 46.30989 34.62699 52123 52122 178.80383 178.23763 169.29282 52111 -1 50579 4 
OPTF CETSP-50-10 2D 0.25000 0.01568 51 999.00000 64.09497 64.09497 39.99946 642831 642830 1080.86949 1071.98210 912.50127 642782 -1 596622 4 
OPTF CETSP-50-10 2D 0.50000 0.03136 51 999.00000 57.41442 57.41442 34.37990 99082 99081 183.44492 182.13283 160.26978 99054 -1 91749 4 
OPTF CETSP-50-10 2D 1.00000 0.06272 51 999.00000 47.34606 47.34606 23.70641 24409 24408 72.37314 72.12441 68.92080 24374 -1 23371 4 
OPTF CETSP-50-2 2D 0.25000 0.01703 51 999.00000 58.09310 58.09310 47.70901 4986132 4986131 9994.07342 9920.89187 8579.77950 4986110 -1 4685092 4 
OPTF CETSP-50-2 2D 0.50000 0.03405 51 999.00000 50.81517 50.81517 42.00042 351391 351390 672.86555 667.76890 589.65416 351342 -1 328687 4 
OPTF CETSP-50-2 2D 1.00000 0.06810 51 999.00000 39.82898 39.82898 30.51848 46011 46010 153.27690 152.81067 146.30943 45967 -1 44551 4 
OPTF CETSP-50-3 2D 0.25000 0.01692 51 999.00000 59.03200 59.03200 45.07963 808999 808998 1417.02022 1405.59935 1193.16421 808972 -1 750148 4 
OPTF CETSP-50-3 2D 0.50000 0.03383 51 999.00000 52.70682 52.70682 39.99254 170156 170155 278.18708 275.92720 240.40317 170146 -1 157340 4 
OPTF CETSP-50-3 2D 1.00000 0.06766 51 999.00000 42.29051 42.29051 28.93375 101353 101352 356.24755 354.84234 344.33723 101319 -1 98296 4 
OPTF CETSP-50-4 2D 0.25000 0.01586 51 999.00000 62.83531 62.83531 47.66064 1429631 1429630 2766.52917 2744.12138 2341.21141 1429620 -1 1336298 4 
OPTF CETSP-50-4 2D 0.50000 0.03172 51 999.00000 54.81919 54.81919 41.58531 67625 67624 116.55005 115.81100 101.74865 67596 -1 62461 4 
OPTF CETSP-50-4 2D 1.00000 0.06345 51 999.00000 43.92481 43.92481 31.01065 98578 98577 340.06365 338.61841 328.65396 98545 -1 95892 4 
OPTF CETSP-50-5 2D 0.25000 0.01569 51 999.00000 59.34846 59.34846 37.92667 709104 709103 1583.72234 1573.53403 1378.48537 709100 -1 669526 4 
OPTF CETSP-50-5 2D 0.50000 0.03138 51 999.00000 52.42264 52.42264 31.46052 22906 22905 55.63990 55.35914 51.12401 22866 -1 21395 4 
OPTF CETSP-50-5 2D 1.00000 0.06277 51 999.00000 43.73320 43.73320 21.98549 349601 349600 1260.19995 1246.38617 1175.22710 349590 -1 339513 4 
OPTF CETSP-50-6 2D 0.25000 0.01585 51 999.00000 58.21996 58.21996 36.69706 160330 160329 275.89541 273.87361 233.42483 160287 -1 148092 4 
OPTF CETSP-50-6 2D 0.50000 0.03170 51 999.00000 51.82477 51.82477 30.60977 30750 30749 81.58223 81.20600 75.34017 30738 -1 28629 4 
OPTF CETSP-50-6 2D 1.00000 0.06339 51 999.00000 43.09692 43.09692 20.67923 101079 101078 356.05736 354.52603 341.44472 101043 -1 98292 4 
OPTF CETSP-50-7 2D 0.25000 0.01575 51 999.00000 59.90504 59.90504 42.27816 214035 214034 391.06579 388.44135 333.53524 214033 -1 199727 4 
OPTF CETSP-50-7 2D 0.50000 0.03149 51 999.00000 52.54394 52.54394 35.94366 19327 19326 38.27934 38.06343 34.26797 19297 -1 18002 4 
OPTF CETSP-50-7 2D 1.00000 0.06298 51 999.00000 43.14440 43.14440 26.23313 34328 34327 149.67514 149.28770 142.45916 34301 -1 33293 4 
OPTF CETSP-50-8 2D 0.25000 0.01566 51 999.00000 59.26431 59.26431 47.48087 203650 203649 392.49595 389.91094 336.13461 203642 -1 189923 4 
OPTF CETSP-50-8 2D 0.50000 0.03131 51 999.00000 51.69274 51.69274 41.54591 14587 14586 29.20176 29.06454 26.60878 14565 -1 13471 4 
OPTF CETSP-50-8 2D 1.00000 0.06263 51 999.00000 42.47589 42.47589 33.12259 828418 828417 2922.38675 2854.90132 2737.39150 828416 -1 805896 4 
OPTF CETSP-50-9 2D 0.50000 0.03175 51 999.00000 56.56380 56.56380 46.93684 677195 677194 1348.27553 1338.62586 1168.25965 677191 -1 634243 4 
OPTF CETSP-50-9 2D 1.00000 0.06350 51 999.00000 44.73312 44.73312 36.84850 25234 25233 88.73669 88.46039 83.95035 25228 -1 24000 4 
