noOPTF d493 3D 0.10000 0.00501 493 1353.13721 1353.13721 424.63980 68.61813 100.00000 74.87015 1179032 1179031 14206.01692 14202.60655 7266.83062 0 -1 885531 4 
noOPTF d493 3D 0.50000 0.02507 493 665.05552 665.05552 409.11727 38.48374 100.00000 50.39053 944067 944066 3258.50276 3255.49796 2298.14134 0 -1 594782 4 
noOPTF dsj1000 3D 0.10000 0.02215 1000 3147.86523 3147.86523 580.96837 81.54405 100.00000 89.34030 445133 445132 8497.03138 8495.50828 2580.74289 0 -1 395579 4 
noOPTF dsj1000 3D 0.50000 0.11074 1000 1021.25155 1021.25155 535.44033 47.57018 100.00000 70.38386 291413 291412 1462.66986 1461.13189 968.74784 0 -1 232405 4 
noOPTF kroD100 3D 0.10000 0.01976 100 202.02117 202.02117 143.06823 29.18157 100.00000 56.09841 4716536 4716535 14400.01259 14389.20336 13366.06658 0 -1 1836422 4 
noOPTF pcb442 3D 0.10000 0.02000 442 404.48979 404.48979 170.21193 57.91935 100.00000 72.74045 1085707 1085706 8948.84469 8945.35634 5441.58781 0 -1 842552 4 
noOPTF pcb442 3D 0.50000 0.10000 442 154.80989 144.59731 136.94690 11.53867 5.29084 30.25935 2056339 2056338 4148.56879 4142.36621 3808.20504 1899712 -1 454146 4 
noOPTF rat195 3D 0.10000 0.01959 195 291.25837 291.25837 115.91216 60.20298 100.00000 75.77872 2900009 2900008 13900.16087 13890.10542 10500.10430 0 -1 2051876 4 
noOPTF rat195 3D 0.50000 0.09797 195 112.40474 99.46586 87.57842 22.08654 11.95128 36.77334 4969589 4969588 14400.04539 14383.22194 13626.34763 4012599 -1 941532 4 
noOPTF rd400 3D 0.10000 0.01991 400 3218.19754 3218.19754 704.19391 78.11838 100.00000 88.58020 1203026 1203025 14401.56609 14398.01029 7159.40872 0 -1 1036363 4 
noOPTF rd400 3D 0.50000 0.09957 400 1552.72265 1552.72265 679.36095 56.24711 100.00000 78.08274 967819 967818 4828.31685 4824.94026 3366.70272 0 -1 729710 4 
noOPTF rd400 3D 1.50000 0.29871 400 539.95415 452.15760 451.15823 16.44508 0.22102 39.37312 6296406 6296405 14400.02565 14390.01274 14159.58664 1813927 -1 307612 4 
noOPTF lin318 3D 0.10000 0.02039 318 3044.26999 3044.26999 1883.50767 38.12941 100.00000 62.92741 1826373 1826372 6737.13447 6731.76565 4907.55951 0 -1 1053590 4 
