noOPTF d493 3D 0.10000 0.00501 493 1353.13721 1353.13721 474.91969 64.90233 100.00000 74.87015 1078998 1078997 3729.48609 3723.45881 1243.86468 0 -1 998279 4 
noOPTF d493 3D 0.50000 0.02507 493 665.05552 665.05552 420.41502 36.78497 100.00000 50.39053 734438 734437 2092.57294 2088.44332 952.94802 0 -1 679661 4 
noOPTF dsj1000 3D 0.10000 0.02215 1000 3147.86523 3147.86523 753.25048 76.07107 100.00000 89.34030 533546 533545 2770.15618 2766.47948 564.95253 0 -1 483792 4 
noOPTF dsj1000 3D 0.50000 0.11074 1000 1021.25155 1021.25155 593.57628 41.87756 100.00000 70.38386 325640 325639 1171.75175 1169.24455 391.29221 0 -1 297452 4 
noOPTF kroD100 3D 0.10000 0.01976 100 202.02117 202.02117 152.23367 24.64470 100.00000 56.09841 4741448 4741447 8777.73054 8743.33831 6462.20626 0 -1 4122139 4 
noOPTF lin318 3D 0.10000 0.02039 318 3044.26999 3044.26999 2010.08759 33.97144 100.00000 62.92741 1385190 1385189 5075.60193 5067.30675 1671.85134 0 -1 1284165 4 
noOPTF pcb442 3D 0.10000 0.02000 442 404.48979 404.48979 187.34032 53.68478 100.00000 72.74045 947527 947526 3912.84900 3907.25993 1193.94194 0 -1 873018 4 
noOPTF pcb442 3D 0.50000 0.10000 442 154.80989 154.80989 137.52064 11.16805 100.00000 34.86003 818148 818147 1498.70924 1495.59940 1190.10072 0 -1 464318 4 
noOPTF rat195 3D 0.10000 0.01959 195 291.25837 291.25837 129.12717 55.66577 100.00000 75.77872 2140849 2140848 4231.57445 4218.39808 2463.38863 0 -1 1966577 4 
noOPTF rat195 3D 0.50000 0.09797 195 112.40474 112.40474 89.06066 20.76788 100.00000 44.05134 1772095 1772094 3246.07287 3237.97676 2667.37984 0 -1 1271169 4 
noOPTF rd400 3D 0.10000 0.01991 400 3218.19754 3218.19754 879.63335 72.66689 100.00000 88.58020 1210101 1210100 5094.65151 5085.57375 1228.08559 0 -1 1099461 4 
noOPTF rd400 3D 0.50000 0.09957 400 1552.72265 1552.72265 756.66278 51.26865 100.00000 78.08274 1081960 1081959 3138.67565 3132.12373 1206.93976 0 -1 987085 4 
noOPTF rd400 3D 1.50000 0.29871 400 539.95415 539.95415 450.76751 16.51745 100.00000 49.23105 631699 631698 1480.89283 1477.63264 1352.53431 0 -1 484005 4 
