noOPTF bubbles4 2D 1.00000 0.05714 185 825.32600 802.95875 676.18835 18.07015 15.78791 53.87488 1144455 1144454 14400.03125 1199.04688 1128.17188 236648 -1 271920 4 
noOPTF bubbles5 2D 1.00000 0.05405 251 1062.33509 1062.33509 830.58248 21.81540 100.00000 59.81450 908588 908587 14400.28125 796.95312 675.46875 0 -1 416668 4 
noOPTF bubbles6 2D 1.00000 0.05128 325 1263.68000 1263.68000 970.97620 23.16281 100.00000 61.74268 892569 892568 14400.10938 900.42188 724.00000 0 -1 436838 4 
noOPTF bubbles7 2D 1.00000 0.04878 407 1639.33000 1639.33000 1089.16421 33.56041 100.00000 67.05971 1147854 1147853 14400.04688 2053.23438 1676.79688 0 -1 620791 4 
noOPTF bubbles8 2D 1.00000 0.04651 497 1972.99000 1972.99000 1194.89469 39.43737 100.00000 69.76400 848404 848403 10292.67188 1843.04688 1362.17188 0 -1 553000 4 
noOPTF bubbles9 2D 1.00000 0.04444 595 2330.31000 2330.31000 1291.94777 44.55897 100.00000 71.97330 625706 625705 7377.85938 1725.96875 1193.85938 0 -1 424284 4 
noOPTF chaoSingleDep 2D 1.00000 0.02525 201 1022.88000 1022.88000 1009.36453 1.32132 100.00000 54.11080 688766 688765 14400.06250 671.92188 598.84375 0 -1 47157 4 
noOPTF concentricCircles2 2D 1.00000 0.02500 37 153.13217 153.13217 148.69356 2.89855 100.00000 55.59392 776170 776169 14400.04688 725.37500 706.10938 0 -1 56129 4 
noOPTF concentricCircles3 2D 1.00000 0.02308 61 271.07586 271.07586 243.29249 10.24930 100.00000 60.18136 1006788 1006787 14400.06250 823.25000 789.67188 0 -1 197843 4 
noOPTF concentricCircles4 2D 1.00000 0.02143 105 454.45654 454.45654 346.73983 23.70231 100.00000 67.43363 771033 771032 14400.28125 604.70312 532.81250 0 -1 328018 4 
noOPTF concentricCircles5 2D 1.00000 0.02000 149 645.38050 645.38050 439.61169 31.88333 100.00000 70.86990 996463 996462 14400.12500 1079.51562 941.09375 0 -1 482283 4 
noOPTF rotatingDiamonds3 2D 1.00000 0.01538 181 380.88233 380.88233 342.74332 10.01333 100.00000 57.54447 574085 574084 14400.04688 298.23438 245.92188 0 -1 224873 4 
noOPTF rotatingDiamonds4 2D 1.00000 0.01176 321 770.66015 770.66015 574.36812 25.47063 100.00000 64.70558 752364 752363 14400.43750 665.90625 468.15625 0 -1 467060 4 
noOPTF rotatingDiamonds5 2D 1.00000 0.01053 681 1510.75230 1510.75230 1047.41004 30.66964 100.00000 66.82998 592471 592470 11266.34375 780.43750 401.29688 0 -1 421404 4 
